dmbounds/bounds/lhaaso/lhaaso_2024_multisdph_dec_tautau.ecsv
# %ECSV 0.9
# %Part of https://github.com/moritzhuetten/DMbounds under the 
# %Creative Commons Attribution-NonCommercial-ShareAlike 3.0 Unported License, see LICENSE.rst 
# ---
# datatype:
# - {name: mass      , unit: TeV     , datatype: float32 , description: DM mass              }
# - {name: sigmav    , unit: cm3s-1  , datatype: float32 , description: <sigmav>             }
# meta: !!omap
# - {reference:        "Constraints on Ultra Heavy Dark Matter Properties from Dwarf Spheroidal Galaxies
with LHAASO Observations"}
# - {doi:              "10.48550"}
# - {arxiv:            "2406.08698"}
# - {instrument:       "lhaaso"}
# - {year:             "2024"}
# - {source:           "multidsph"}
# - {channel:          "tautau"}
# - {confidence        "0.95" }
# - {dmfraction:       "1"}
# - {obs_time:         "756d"}
# - {figure:           "Fig.2"}
# - {comment:          ""}
# - {status:           ""}
# schema : astropy −2.0
mass  sigmav
984788.7940262879 1.0341276216373876e+26
906387.8522786793 1.0872776373978294e+26
811493.6260451712 1.1430440775754567e+26
726485.5034715398 1.263814120771909e+26
650469.8723314515 1.2633044381038303e+26
582368.964902119 1.3280992880579375e+26
507120.21633800585 1.5442040168880592e+26
466778.7742404935 1.5437369226610978e+26
406547.59024328867 1.5429587462343574e+26
344392.23246493685 1.7056383390545253e+26
308336.1066701899 1.7931204826468568e+26
268513.59699532064 1.9823754092237595e+26
233865.7236152768 1.9813761212040438e+26
215232.75051217963 2.190942328114141e+26
198097.65470540084 2.3035479841598682e+26
182326.71703723614 2.4219411196890733e+26
158800.03877440226 2.4207202526756408e+26
138290.54947470254 2.6762152058129173e+26
123803.90459763461 2.9589747531915195e+26
107828.76569050297 2.9574831749527078e+26
96539.63901014216 3.1091724058165826e+26
86426.61630387206 3.4376766981026315e+26
73213.21303483575 3.800123099770601e+26
63761.798975934085 3.994628460009227e+26
54009.89354775491 4.644155260602478e+26
154.3840709166651 3.715619978641275e+26
172.42580211421196 3.717119052852652e+26
203.50388646049396 3.911712673554178e+26
221.0471611144368 4.55188670764839e+26
233.5593371712178 5.296294745251851e+26
260.81862835422015 5.860608829724325e+26
283.2837375289063 7.172407168460798e+26
334.275468050006 8.78048535805035e+26
363.09204963020545 1.0217461742070139e+27
405.41491139171137 1.250572909345719e+27
452.7014586719269 1.4553830381812866e+27
505.50338659270164 1.693735544722435e+27
564.388103935379 2.1802650932958234e+27
1953.9061232021795 6.984370658439668e+27
1749.3420293343665 7.342598837798242e+27
1523.7166718752742 6.978034631972022e+27
1364.4664039740362 6.306124368180582e+27
1221.7779344130274 5.993626091578634e+27
1035.2637840738576 5.415411545308971e+27
901.7989130194343 4.8934717125255115e+27
830.1723729927218 4.42272858811181e+27
764.4404040396528 3.26717713027787e+27
684.5454069021466 2.952582840733914e+27
630.2168734532949 2.5373337386475214e+27
2182.3914787776816 6.643619591929251e+27
2438.087070961231 5.432367272664084e+27
2723.0083799364343 5.434558971958457e+27
3041.4308110536354 5.169419583419391e+27
3397.5456325356035 4.4455331632131597e+27
3794.846921843017 4.2286460246788014e+27
4238.892688398141 3.824556724939815e+27
4867.223924228262 3.6383324512721296e+27
5589.4442133822795 3.129163430095446e+27
6598.218140652225 2.830711512698992e+27
7576.78164240145 2.560466988375511e+27
8232.15981708337 2.4353022134317816e+27
9717.886818116924 2.2030290735733197e+27
11160.62028304801 1.8015585910848902e+27
22289.258947639726 8.916110145964945e+26
18881.547531429303 9.856167144653594e+26
16442.94046277638 1.0896436444649348e+27
15555.787801817134 1.2673308600866246e+27
13926.23918461991 1.4012326104386283e+27
12815.821040747318 1.629566022324533e+27
26311.988654953686 8.0657134734268e+26
30216.278317897635 6.936951467931567e+26
33749.70145100012 6.598513872530935e+26
36671.45605329724 5.9673582707765334e+26
43292.77203551053 5.132769651724135e+26
48352.079975919565 5.134840477767225e+26
1.1069952836699617 8.176543818911575e+23
1.019139270481955 7.02660064640126e+23
1.137703055426509 1.0004707097919528e+24
1.201940095265545 1.2875985759220312e+24
1.3055546530785376 1.4983214084589803e+24
1.379454401841253 1.7433544180670685e+24
1.417720121257755 2.133144603259368e+24
1.5400397627147169 2.3601906756916008e+24
1.5827600797992378 2.887897004957079e+24
1.7190880645539717 3.534303991605073e+24
15.16800838090393 2.115815210361453e+26
17.412850610677285 2.3414889859490353e+26
19.99127002153836 2.463818999718559e+26
23.59291706032064 2.726885984211528e+26
27.84531233634665 2.8696402542155108e+26
31.099389245325685 2.8707980162379563e+26
33.78715972621291 2.871666644279738e+26
38.78760810894125 3.177959864344488e+26
47.06440691864364 3.180203973613641e+26
55.551045875448764 3.182128757072115e+26
67.40495625549238 3.184375810195568e+26
79.55939662968946 3.1863031186121976e+26
93.90552184453772 3.188231593511064e+26
107.80339661832262 3.5282897694953175e+26
120.39349277547464 3.712249271718679e+26
138.2394251126075 3.531493441953837e+26
1.8163955007244588 4.112298231721833e+24
1.9192109369382897 4.7848166956749334e+24
2.0843783327212146 6.1586455437942e+24
2.2640644419629363 7.166542925670367e+24
2.527799163127153 9.22514936238522e+24
2.7453416941748454 1.187389792023695e+25
3.065345167478646 1.453313498228597e+25
5.619020099548226 5.976659426255372e+25
5.775278558872674 6.953371210397813e+25
6.448892121070154 8.092145961394282e+25
7.403318371708088 8.955257788348999e+25
7.401825381753213 1.0417684557332712e+26
8.266266542402915 1.0960846312938952e+26
9.488385585959563 1.341695243152137e+26
10.891187764878751 1.6423422736728262e+26
12.163143060600092 1.727971427422421e+26
13.211680084037859 2.010763782538691e+26
3.3291489363837505 1.8705925992299652e+25
3.5173559481024244 2.289062323596225e+25
3.927611253637029 2.663949022248339e+25
4.265908468699635 3.2602290340007018e+25
4.633344261469782 3.989976259069075e+25
5.032428427101007 4.883065079755853e+25
