dmbounds/bounds/lhaaso/lhaaso_2024_multisdph_ann_tautau.ecsv
# %ECSV 0.9
# %Part of https://github.com/moritzhuetten/DMbounds under the 
# %Creative Commons Attribution-NonCommercial-ShareAlike 3.0 Unported License, see LICENSE.rst 
# ---
# datatype:
# - {name: mass      , unit: TeV     , datatype: float32 , description: DM mass              }
# - {name: sigmav    , unit: cm3s-1  , datatype: float32 , description: <sigmav>             }
# meta: !!omap
# - {reference:        "Constraints on Ultra Heavy Dark Matter Properties from Dwarf Spheroidal Galaxies
with LHAASO Observations"}
# - {doi:              "10.48550"}
# - {arxiv:            "2406.08698"}
# - {instrument:       "lhaaso"}
# - {year:             "2024"}
# - {source:           "multidsph"}
# - {channel:          "tautau"}
# - {confidence        "0.95" }
# - {dmfraction:       "1"}
# - {obs_time:         "756d"}
# - {figure:           "Fig.1"}
# - {comment:          ""}
# - {status:           ""}
# schema : astropy −2.0


mass sigmav
1.0297667231153704 5.85385364818186e-24
1.1579618928625657 5.259327708859704e-24
1.380789222364966 4.7251826935869e-24
1.5989013015739661 4.245286227393922e-24
1.8514667776710088 3.426760253433208e-24
2.143927974444074 3.0787334695492072e-24
2.6325835643969477 3.2480888972387655e-24
3.0484314473479674 3.2480888972387655e-24
3.6350430126944517 3.2480888972387655e-24
4.209241287616509 3.2480888972387655e-24
4.73324773418377 3.2480888972387655e-24
5.644069548772311 3.2480888972387655e-24
6.5356174581443485 3.426760253433208e-24
7.349233368080561 3.426760253433208e-24
8.51013218199129 3.615259990110525e-24
9.854408769969265 3.814128748283239e-24
11.081179432360265 4.245286227393922e-24
12.831583510645617 4.245286227393922e-24
14.428981240974318 4.7251826935869e-24
16.708210429877063 5.259327708859704e-24
19.347470975726516 5.85385364818186e-24
22.40363411315579 6.5155861036394276e-24
26.714779403302167 7.252122247218221e-24
30.93469652525361 8.071918051887966e-24
36.88747947793721 9.478599776522422e-24
42.714295559201155 1.0550081484365569e-23
48.03177790440431 1.2388629239937877e-23
55.61896845973833 1.3070104796093741e-23
62.54294739866655 1.534781344446425e-23
70.32888918362328 1.708276393808726e-23
76.79807220826368 1.8022455152500223e-23
86.35862770301786 2.2327351487772967e-23
97.10937220564716 2.2327351487772967e-23
106.0419504035769 2.2327351487772967e-23
122.79253761216415 2.2327351487772967e-23
134.08757453218558 2.2327351487772967e-23
155.26830161463988 2.2327351487772967e-23
164.64953539067247 2.0059753011004252e-23
190.65788765992517 2.0059753011004252e-23
227.34630393483963 2.0059753011004252e-23
241.0824548629476 1.901383704071999e-23
279.16429576905296 1.901383704071999e-23
313.91732621773673 1.8022455152500223e-23
352.99674490328266 1.708276393808726e-23
385.46705086701365 1.6192068244593787e-23
420.9241287616515 1.6192068244593787e-23
487.414100892368 1.534781344446425e-23
548.0920505662893 1.708276393808726e-23
616.3237693451467 1.708276393808726e-23
713.6794385670977 1.708276393808726e-23
779.3270403223113 1.708276393808726e-23
876.3450930327837 1.8022455152500223e-23
985.4408769969275 2.116320288223424e-23
1076.0863779746337 2.355553775260756e-23
1210.0478595320924 2.7660527949179235e-23
1283.1583510645617 3.2480888972387655e-23
1442.8981240974317 3.615259990110525e-23
1575.6227008545773 4.4788115623460405e-23
1771.7712217375501 5.259327708859704e-23
1934.7470975726535 6.515586103639428e-23
2112.7142633544145 7.252122247218221e-23
2446.4426074716202 8.515939318253871e-23
2671.477940330217 1.0550081484365568e-22
3004.048958939599 1.307010479609374e-22
3478.574218745505 1.534781344446425e-22
3688.747947793725 1.8022455152500076e-22
4147.958425960491 2.2327351487772966e-22
4529.5072112125345 2.6218307403758255e-22
4946.152653802373 2.918208237644122e-22
5244.99674403031 3.42676025343318e-22
38546.705086701404 1.4547578108480545e-20
40875.677890253006 1.7082763938087262e-20
45964.2715960388 2.0059753011004254e-20
50192.282147615886 2.3555537752607367e-20
15526.83016146402 2.918208237644098e-21
16464.95353906728 3.42676025343318e-21
17979.477643924423 4.0239369086249414e-21
20217.734267284504 4.985106244585578e-21
22077.4568483865 5.259327708859704e-21
23411.365841537132 6.175863298586877e-21
25564.853721749256 7.252122247218222e-21
27916.42957690527 8.984385372349091e-21
30484.314473479724 1.0550081484365568e-20
34279.29228819472 1.2388629239937877e-20
144289.81240974346 1.1130421932675318e-19
162252.3825525206 1.307010479609374e-19
1000000.0000000021 2.116320288223424e-18
915763.7315804393 1.708276393808726e-18
814381.7364199006 1.4547578108480546e-18
724223.4975496398 1.2388629239937877e-18
663217.6126142924 1.0000000000000082e-18
82641.35935802483 4.478811562346004e-20
337802.15855312615 3.814128748283239e-19
439857.6016818017 5.548633588145109e-19
524499.674403031 7.252122247218222e-19
283288.73125274637 2.918208237644098e-19
230705.16886580214 2.1163202882234242e-19
193474.70975726534 1.6192068244593787e-19
121004.7859532095 8.984385372349091e-20
104498.07260416541 7.252122247218222e-20
95695.54491095379 6.515586103639427e-20
56440.695487723344 2.918208237644098e-20
63466.97083366658 3.42676025343318e-20
71367.94385670977 4.023936908624942e-20
6254.294739866667 4.985106244585577e-22
7032.888918362341 6.873996431179536e-22
8143.817364199006 8.515939318253872e-22
8892.924106247705 1.0550081484365569e-21
10000.00000000002 1.2388629239937877e-21
10604.195040357701 1.6192068244593787e-21
12279.253761216441 1.9013837040719988e-21
13807.892223649704 2.3555537752607366e-21
