dmbounds/bounds/lhaaso/lhaaso_2024_multisdph_ann_bb.ecsv
# %ECSV 0.9
# %Part of https://github.com/moritzhuetten/DMbounds under the 
# %Creative Commons Attribution-NonCommercial-ShareAlike 3.0 Unported License, see LICENSE.rst 
# ---
# datatype:
# - {name: mass      , unit: TeV     , datatype: float32 , description: DM mass              }
# - {name: sigmav    , unit: cm3s-1  , datatype: float32 , description: <sigmav>             }
# meta: !!omap
# - {reference:        "Constraints on Ultra Heavy Dark Matter Properties from Dwarf Spheroidal Galaxies
with LHAASO Observations"}
# - {doi:              "10.48550"}
# - {arxiv:            "2406.08698"}
# - {instrument:       "lhaaso"}
# - {year:             "2024"}
# - {source:           "multidsph"}
# - {channel:          "bb"}
# - {confidence        "0.95" }
# - {dmfraction:       "1"}
# - {obs_time:         "756d"}
# - {figure:           "Fig.1"}
# - {comment:          ""}
# - {status:           ""}
# schema : astropy −2.0

mass  sigmav
24888.746371516412 7.486956151623813e-22
1.1031373816929753 1.603103460506242e-22
1.200665643765236 1.371066325483582e-22
1.3442459187581959 1.1130662506096166e-22
1.4629859664244405 9.034214950003581e-23
1.637935527495693 7.334203732306841e-23
1.886329716805191 5.65172676698409e-23
2.172548390911577 4.5891986118258584e-23
2.5025537132519338 4.137591064272934e-23
2.801818835227575 3.359000864412431e-23
3.415178199223195 2.8752764710528165e-23
4.046900510394768 2.5928862680870107e-23
4.4046865668807005 2.2175855367814258e-23
5.2194431083253505 1.9997892879231577e-23
6.012694880196775 1.8998637545306855e-23
7.329486229205992 1.7136394839188925e-23
8.685257351622804 1.5453374070417832e-23
10.293283793965774 1.547327309162827e-23
11.857658658961387 1.4700104100102124e-23
14.052032679969491 1.3968564434344702e-23
16.65368732337928 1.3986551493914465e-23
19.186088901343147 1.400155840184693e-23
20.885315086506345 1.329622344410114e-23
24.753883087421038 1.4028611424023598e-23
29.341120011429524 1.5596551190121166e-23
33.80763810688047 1.733601677233161e-23
40.06693173838903 1.735834003739252e-23
46.16951131278823 2.0330892455896713e-23
54.72144808476048 2.1450766931411858e-23
63.05605163124687 2.5124132528777833e-23
70.61673111713255 2.5145695820179658e-23
79.10093050809851 2.944548849980665e-23
91.14224785875852 3.2729510279521223e-23
105.02408996684235 3.833431953710407e-23
121.01161866760197 4.260970251372558e-23
139.4229169865876 4.494710636646251e-23
160.65836997712154 5.2644134391411296e-23
185.12818696935403 6.165925039145228e-23
219.4506890204924 7.223366281412357e-23
252.85706455037635 8.02898009186654e-23
299.73640398944156 9.405930773002029e-23
355.3071061561059 1.1019025168106978e-22
409.42380026247423 1.290599303729588e-22
445.7802359430874 1.4339231587569725e-22
513.6034168824331 1.512582649860615e-22
559.1309489939173 1.5135561987722054e-22
591.7032441522047 1.5142055794709917e-22
701.3039002535609 1.5976116661841385e-22
855.0741300581885 1.685973522073231e-22
985.0284287587845 1.6017287446378336e-22
1167.4008900201343 1.6037912608312478e-22
1423.267343136306 1.6062008866800917e-22
1686.7772691673167 1.6082691615672999e-22
1999.0745726729326 1.6103400997334437e-22
2369.53074155869 1.790323435431925e-22
2653.647206281966 1.7918600164819383e-22
3235.2634310916746 1.7945522073665615e-22
3522.0480491579074 1.795707241340034e-22
3944.3560710635484 1.7972484431495958e-22
4674.631364414661 1.7995627264076029e-22
5540.905214268467 2.0006949607418785e-22
6383.9255785967725 2.110445365778942e-22
7567.496283591446 2.472381645438216e-22
8969.216767504895 2.6085663753739326e-22
10336.053777599906 3.2194201007463987e-22
11909.4828496742 3.5784783561042828e-22
13723.411783754353 4.191279722426702e-22
14943.105688750318 4.906915809695762e-22
17219.084596985067 5.747207244596092e-22
19286.480992792367 6.3868167571365785e-22
21603.642205218224 7.478931611894995e-22
27104.655529295906 9.732451897918862e-22
30356.78519806099 1.026413501080975e-21
34980.41593933413 1.2021830693951768e-21
40311.15198616728 1.4837009228231851e-21
43884.4679069242 1.4846558824868263e-21
47784.78211985418 1.7381520452456235e-21
53529.67924138684 2.1447188935726035e-21
59956.67977727693 2.3834057109558286e-21
65280.77468956159 2.6480880903754435e-21
71082.7257099727 3.100233383756856e-21
79617.21952172199 3.445259877313551e-21
91750.24797939169 4.252043960249334e-21
102780.86718771307 5.246629052269937e-21
118435.38310707915 6.1450951408892086e-21
132674.20687722618 7.582479155098287e-21
152892.69651188346 9.358084975665878e-21
176167.1316856802 1.0401781529611852e-20
191824.31520268376 1.2177823866907701e-20
221072.61331362478 1.5837001421951552e-20
254762.3141680217 1.9545586876650354e-20
285350.1591334106 2.1720824824829077e-20
319633.36097570485 2.54349810862084e-20
348091.1418998765 3.3063467306711884e-20
401108.7751555857 3.8725465487124544e-20
424566.5035220686 4.5327885657241126e-20
489267.0482076479 5.594241633523233e-20
579976.461725759 6.553640553383551e-20
649703.7882450658 8.086586415136691e-20
707447.4283151977 9.467322954987877e-20
792443.221033162 1.1086189508875532e-19
887777.7044056633 1.4414262275494306e-19
1023067.9370506252 1.7789681775110957e-19
994296.9777697995 1.5201712336079688e-19
