name,jfactor,profile,ch,mass,sigma_v
Scl,0.26585967012749673,Einasto,b,70,6.2165204693498335e-22
Scl,0.26585967012749673,Einasto,b,100,2.453925824842923e-22
Scl,0.26585967012749673,Einasto,b,500,2.9493857713674837e-23
Scl,0.26585967012749673,Einasto,b,5000,3.941828964761346e-23
Scl,0.26585967012749673,Einasto,b,7000,4.260381963325161e-23
Scl,0.26585967012749673,Einasto,b,10000,5.273519788210607e-23
Scl,0.26585967012749673,Einasto,b,20000,5.014565395640527e-23
Scl,0.26585967012749673,Einasto,b,30000,5.210684866465296e-23
Scl,0.26585967012749673,Einasto,b,50000,6.355546458907525e-23
Scl,0.26585967012749673,Einasto,b,100000,8.790827202946305e-23
Scl,0.26585967012749673,Einasto,b,70,2.266105603208398e-22
Scl,0.26585967012749673,Einasto,b,100,7.92522479804331e-23
Scl,0.26585967012749673,Einasto,b,200,2.259687553358343e-23
Scl,0.26585967012749673,Einasto,b,500,1.1458592025498988e-23
Scl,0.26585967012749673,Einasto,b,800,1.1756128538732203e-23
Scl,0.26585967012749673,Einasto,b,1000,1.2411470769794287e-23
Scl,0.26585967012749673,Einasto,b,2000,1.576829731071408e-23
Scl,0.26585967012749673,Einasto,b,3000,1.8677655854198367e-23
Scl,0.26585967012749673,Einasto,b,5000,2.1866879232500993e-23
Scl,0.26585967012749673,Einasto,b,7000,2.5397730824186972e-23
Scl,0.26585967012749673,Einasto,b,10000,2.955769156073115e-23
Scl,0.26585967012749673,Einasto,b,20000,3.7893349344203693e-23
Scl,0.26585967012749673,Einasto,b,30000,4.2541776424562605e-23
Scl,0.26585967012749673,Einasto,b,50000,5.046818759988699e-23
Scl,0.26585967012749673,Einasto,b,100000,7.75751425902935e-23
Scl,0.26585967012749673,Einasto,b,70,3.366959464552777e-22
Scl,0.26585967012749673,Einasto,b,100,1.552582044211724e-22
Scl,0.26585967012749673,Einasto,b,200,4.7760728434259194e-23
Scl,0.26585967012749673,Einasto,b,500,2.220735776915969e-23
Scl,0.26585967012749673,Einasto,b,800,1.703039973205525e-23
Scl,0.26585967012749673,Einasto,b,1000,1.68083205877542e-23
Scl,0.26585967012749673,Einasto,b,2000,1.333017800047349e-23
Scl,0.26585967012749673,Einasto,b,3000,1.218790484453253e-23
Scl,0.26585967012749673,Einasto,b,5000,1.2528265494902263e-23
Scl,0.26585967012749673,Einasto,b,7000,1.3879089601451903e-23
Scl,0.26585967012749673,Einasto,b,10000,1.6516096937634206e-23
Scl,0.26585967012749673,Einasto,b,20000,2.6095339300439998e-23
Scl,0.26585967012749673,Einasto,b,30000,3.51909344944059e-23
Scl,0.26585967012749673,Einasto,b,50000,5.154458250386088e-23
Scl,0.26585967012749673,Einasto,b,100000,8.874002126789501e-23
Scl,0.26585967012749673,Einasto,b,70,2.994429891483416e-22
Scl,0.26585967012749673,Einasto,b,100,1.073498472753444e-22
Scl,0.26585967012749673,Einasto,b,200,3.1513930529920546e-23
Scl,0.26585967012749673,Einasto,b,500,1.614236137503053e-23
Scl,0.26585967012749673,Einasto,b,800,1.5409412997214622e-23
Scl,0.26585967012749673,Einasto,b,1000,1.700318107269649e-23
Scl,0.26585967012749673,Einasto,b,2000,2.0480354612741554e-23
Scl,0.26585967012749673,Einasto,b,3000,2.714502119214547e-23
Scl,0.26585967012749673,Einasto,b,5000,2.937157884311025e-23
Scl,0.26585967012749673,Einasto,b,10000,3.572667748651969e-23
Scl,0.26585967012749673,Einasto,b,20000,3.647984431410705e-23
Scl,0.26585967012749673,Einasto,b,30000,3.9636344359162543e-23
Scl,0.26585967012749673,Einasto,b,50000,4.7867063821371425e-23
Scl,0.26585967012749673,Einasto,b,100000,6.857319213117574e-23
Scl,0.26585967012749673,Einasto,b,70,1.835249364039784e-22
Scl,0.26585967012749673,Einasto,b,100,6.078281042683116e-23
Scl,0.26585967012749673,Einasto,b,200,1.4477700281045657e-23
Scl,0.26585967012749673,Einasto,b,500,6.1655651440940056e-24
Scl,0.26585967012749673,Einasto,b,800,5.596625334392558e-24
Scl,0.26585967012749673,Einasto,b,1000,5.7800635846799416e-24
Scl,0.26585967012749673,Einasto,b,2000,8.19586815389484e-24
Scl,0.26585967012749673,Einasto,b,3000,1.1273174575375617e-23
Scl,0.26585967012749673,Einasto,b,5000,1.6410314864905826e-23
Scl,0.26585967012749673,Einasto,b,7000,1.927398071408603e-23
Scl,0.26585967012749673,Einasto,b,10000,2.1229353739340397e-23
Scl,0.26585967012749673,Einasto,b,20000,2.4064448306542523e-23
Scl,0.26585967012749673,Einasto,b,30000,2.785151723970594e-23
Scl,0.26585967012749673,Einasto,b,50000,3.675202855368542e-23
Scl,0.26585967012749673,Einasto,b,100000,6.171124743232676e-23
Scl,0.26585967012749673,Einasto,b,70,1.8358826177242566e-22
Scl,0.26585967012749673,Einasto,b,100,5.949234167612227e-23
Scl,0.26585967012749673,Einasto,b,200,1.454865445842152e-23
Scl,0.26585967012749673,Einasto,b,500,6.5642309608765055e-24
Scl,0.26585967012749673,Einasto,b,800,6.5530085436846745e-24
Scl,0.26585967012749673,Einasto,b,1000,7.27371704377983e-24
Scl,0.26585967012749673,Einasto,b,2000,1.3985016775347166e-23
Scl,0.26585967012749673,Einasto,b,3000,2.0527829267109793e-23
Scl,0.26585967012749673,Einasto,b,5000,2.6653581397031234e-23
Scl,0.26585967012749673,Einasto,b,7000,2.6619853739822776e-23
Scl,0.26585967012749673,Einasto,b,10000,2.6989372350412425e-23
Scl,0.26585967012749673,Einasto,b,20000,2.8020124420547433e-23
Scl,0.26585967012749673,Einasto,b,30000,3.262533076043236e-23
Scl,0.26585967012749673,Einasto,b,50000,4.586537368602591e-23
Scl,0.26585967012749673,Einasto,b,100000,8.919644888997173e-23
Scl,0.26585967012749673,Einasto,b,70,2.43050886782202e-22
Scl,0.26585967012749673,Einasto,b,100,7.69514535765836e-23
Scl,0.26585967012749673,Einasto,b,200,1.8837664655005114e-23
Scl,0.26585967012749673,Einasto,b,500,7.981446115577953e-24
Scl,0.26585967012749673,Einasto,b,800,7.092328968926012e-24
Scl,0.26585967012749673,Einasto,b,1000,7.222840978041799e-24
Scl,0.26585967012749673,Einasto,b,2000,8.87834112886774e-24
Scl,0.26585967012749673,Einasto,b,3000,1.0525972032413838e-23
Scl,0.26585967012749673,Einasto,b,5000,1.2977152722092278e-23
Scl,0.26585967012749673,Einasto,b,7000,1.5136087683820047e-23
Scl,0.26585967012749673,Einasto,b,10000,1.8306106506589458e-23
Scl,0.26585967012749673,Einasto,b,20000,3.0222387159437146e-23
Scl,0.26585967012749673,Einasto,b,30000,4.250207173612004e-23
Scl,0.26585967012749673,Einasto,b,50000,6.459243676409938e-23
Scl,0.26585967012749673,Einasto,b,100000,1.1318181917417085e-22
Scl,0.26585967012749673,Einasto,b,70,6.065221434900887e-22
Scl,0.26585967012749673,Einasto,b,100,2.382823594256909e-22
Scl,0.26585967012749673,Einasto,b,200,6.78806321522889e-23
Scl,0.26585967012749673,Einasto,b,800,1.6909002473313455e-23
Scl,0.26585967012749673,Einasto,b,1000,1.4498335784326834e-23
Scl,0.26585967012749673,Einasto,b,2000,1.1885704805565568e-23
Scl,0.26585967012749673,Einasto,b,3000,1.2421742625240727e-23
Scl,0.26585967012749673,Einasto,b,5000,1.4814256680030834e-23
Scl,0.26585967012749673,Einasto,b,7000,1.7219485262053405e-23
Scl,0.26585967012749673,Einasto,b,10000,2.0788053745028864e-23
Scl,0.26585967012749673,Einasto,b,20000,3.3324861851524046e-23
Scl,0.26585967012749673,Einasto,b,30000,4.7323246787260124e-23
Scl,0.26585967012749673,Einasto,b,50000,7.725729328968043e-23
Scl,0.26585967012749673,Einasto,b,100000,1.495123076507785e-22
Scl,0.26585967012749673,Einasto,b,70,1.569855619695692e-22
Scl,0.26585967012749673,Einasto,b,100,6.225645652890116e-23
Scl,0.26585967012749673,Einasto,b,200,1.812934825396927e-23
Scl,0.26585967012749673,Einasto,b,500,8.923815363994337e-24
Scl,0.26585967012749673,Einasto,b,800,8.398613752237608e-24
Scl,0.26585967012749673,Einasto,b,1000,8.52209281752436e-24
Scl,0.26585967012749673,Einasto,b,2000,1.0639290442819809e-23
Scl,0.26585967012749673,Einasto,b,3000,1.3957492733267595e-23
Scl,0.26585967012749673,Einasto,b,5000,2.0577201116366256e-23
Scl,0.26585967012749673,Einasto,b,7000,2.5873905793799888e-23
Scl,0.26585967012749673,Einasto,b,10000,2.9656653700127914e-23
Scl,0.26585967012749673,Einasto,b,20000,3.609342057019118e-23
Scl,0.26585967012749673,Einasto,b,30000,3.985304874587689e-23
Scl,0.26585967012749673,Einasto,b,50000,5.0194613319334614e-23
Scl,0.26585967012749673,Einasto,b,100000,8.506176046618913e-23
Scl,0.26585967012749673,Einasto,b,70,2.483496477140226e-22
Scl,0.26585967012749673,Einasto,b,100,7.87063117646797e-23
Scl,0.26585967012749673,Einasto,b,200,1.8957182260499737e-23
Scl,0.26585967012749673,Einasto,b,500,7.37950891969342e-24
Scl,0.26585967012749673,Einasto,b,800,6.476857743601308e-24
Scl,0.26585967012749673,Einasto,b,1000,6.374305216921008e-24
Scl,0.26585967012749673,Einasto,b,2000,7.051002188026372e-24
Scl,0.26585967012749673,Einasto,b,3000,7.887710067603998e-24
Scl,0.26585967012749673,Einasto,b,5000,9.612643940745238e-24
Scl,0.26585967012749673,Einasto,b,7000,1.1660565512021758e-23
Scl,0.26585967012749673,Einasto,b,10000,1.4963528219063997e-23
Scl,0.26585967012749673,Einasto,b,20000,2.5076807776506853e-23
Scl,0.26585967012749673,Einasto,b,30000,3.415029943196475e-23
Scl,0.26585967012749673,Einasto,b,50000,5.188573851754906e-23
Scl,0.26585967012749673,Einasto,b,100000,1.0136434815625525e-22
Scl,0.26585967012749673,Einasto,b,70,4.254723369320785e-22
Scl,0.26585967012749673,Einasto,b,100,1.2754144284645334e-22
Scl,0.26585967012749673,Einasto,b,200,2.9119239934743565e-23
Scl,0.26585967012749673,Einasto,b,500,1.0951495132980658e-23
Scl,0.26585967012749673,Einasto,b,800,9.312959987795446e-24
Scl,0.26585967012749673,Einasto,b,1000,9.312907368966358e-24
Scl,0.26585967012749673,Einasto,b,2000,1.1820374755092226e-23
Scl,0.26585967012749673,Einasto,b,3000,1.525796244059716e-23
Scl,0.26585967012749673,Einasto,b,5000,2.203854763142213e-23
Scl,0.26585967012749673,Einasto,b,7000,3.072508131756567e-23
Scl,0.26585967012749673,Einasto,b,10000,4.180866290314149e-23
Scl,0.26585967012749673,Einasto,b,20000,6.179077839645549e-23
Scl,0.26585967012749673,Einasto,b,100000,2.1782322798275986e-22
Scl,0.26585967012749673,Einasto,b,70,2.0720201517873802e-22
Scl,0.26585967012749673,Einasto,b,100,7.572999616478399e-23
Scl,0.26585967012749673,Einasto,b,200,2.0763533329779297e-23
Scl,0.26585967012749673,Einasto,b,500,8.783269766327396e-24
Scl,0.26585967012749673,Einasto,b,800,7.488847429885444e-24
Scl,0.26585967012749673,Einasto,b,1000,7.241571631460439e-24
Scl,0.26585967012749673,Einasto,b,2000,8.029685460661642e-24
Scl,0.26585967012749673,Einasto,b,3000,1.0046970177729698e-23
Scl,0.26585967012749673,Einasto,b,5000,1.4254590511733606e-23
Scl,0.26585967012749673,Einasto,b,7000,1.7233725760580817e-23
Scl,0.26585967012749673,Einasto,b,10000,2.0142967103933366e-23
Scl,0.26585967012749673,Einasto,b,20000,2.534039589660017e-23
Scl,0.26585967012749673,Einasto,b,30000,3.1165810795462296e-23
Scl,0.26585967012749673,Einasto,b,50000,4.5669867866449836e-23
Scl,0.26585967012749673,Einasto,b,100000,8.877933920216494e-23
Scl,0.26585967012749673,Einasto,b,70,6.15868357625646e-22
Scl,0.26585967012749673,Einasto,b,100,2.126088108667982e-22
Scl,0.26585967012749673,Einasto,b,200,5.366880771563064e-23
Scl,0.26585967012749673,Einasto,b,500,2.0858831954446368e-23
Scl,0.26585967012749673,Einasto,b,800,1.7544348057408338e-23
Scl,0.26585967012749673,Einasto,b,1000,1.598718016970496e-23
Scl,0.26585967012749673,Einasto,b,2000,1.3180756566184872e-23
Scl,0.26585967012749673,Einasto,b,3000,1.3047953085497748e-23
Scl,0.26585967012749673,Einasto,b,5000,1.5082674386594226e-23
Scl,0.26585967012749673,Einasto,b,7000,1.8692401384509436e-23
Scl,0.26585967012749673,Einasto,b,10000,2.4367359697546555e-23
Scl,0.26585967012749673,Einasto,b,20000,4.0035474877255565e-23
Scl,0.26585967012749673,Einasto,b,30000,5.431486124140886e-23
Scl,0.26585967012749673,Einasto,b,50000,7.468733892271908e-23
Scl,0.26585967012749673,Einasto,b,100000,1.0939145186010006e-22
Scl,0.26585967012749673,Einasto,b,70,5.82082338562089e-22
Scl,0.26585967012749673,Einasto,b,100,2.3485112035786904e-22
Scl,0.26585967012749673,Einasto,b,500,2.5227177705367938e-23
Scl,0.26585967012749673,Einasto,b,800,2.3980615702723207e-23
Scl,0.26585967012749673,Einasto,b,1000,1.9990830134224636e-23
Scl,0.26585967012749673,Einasto,b,2000,2.1250153044146174e-23
Scl,0.26585967012749673,Einasto,b,3000,1.925453939254229e-23
Scl,0.26585967012749673,Einasto,b,5000,1.8186367610767966e-23
Scl,0.26585967012749673,Einasto,b,7000,1.7371605627133024e-23
Scl,0.26585967012749673,Einasto,b,10000,1.7387981840539985e-23
Scl,0.26585967012749673,Einasto,b,20000,2.1771588241198925e-23
Scl,0.26585967012749673,Einasto,b,30000,2.845370746441613e-23
Scl,0.26585967012749673,Einasto,b,50000,4.415961961167543e-23
Scl,0.26585967012749673,Einasto,b,100000,8.869606903778219e-23
Scl,0.26585967012749673,Einasto,b,70,3.3288255356983755e-22
Scl,0.26585967012749673,Einasto,b,100,1.3996960875338645e-22
Scl,0.26585967012749673,Einasto,b,200,4.2057344299750284e-23
Scl,0.26585967012749673,Einasto,b,500,1.7962735118080633e-23
Scl,0.26585967012749673,Einasto,b,800,1.564296111113408e-23
Scl,0.26585967012749673,Einasto,b,1000,1.4187436713593178e-23
Scl,0.26585967012749673,Einasto,b,2000,1.132680664077661e-23
Scl,0.26585967012749673,Einasto,b,3000,1.085302807163161e-23
Scl,0.26585967012749673,Einasto,b,5000,1.2447172295022102e-23
Scl,0.26585967012749673,Einasto,b,7000,1.510318666876529e-23
Scl,0.26585967012749673,Einasto,b,10000,2.0395378099748665e-23
Scl,0.26585967012749673,Einasto,b,20000,4.2030559647242934e-23
Scl,0.26585967012749673,Einasto,b,30000,6.266848839826385e-23
Scl,0.26585967012749673,Einasto,b,100000,1.7013821195772172e-22
Scl,0.26585967012749673,Einasto,b,70,2.244138302333461e-22
Scl,0.26585967012749673,Einasto,b,100,9.582199872649943e-23
Scl,0.26585967012749673,Einasto,b,200,2.9956589769085755e-23
Scl,0.26585967012749673,Einasto,b,500,1.659029580626369e-23
Scl,0.26585967012749673,Einasto,b,800,1.5826311602970772e-23
Scl,0.26585967012749673,Einasto,b,1000,1.6391080297810874e-23
Scl,0.26585967012749673,Einasto,b,2000,1.8474217679877468e-23
Scl,0.26585967012749673,Einasto,b,3000,2.1180536975608365e-23
Scl,0.26585967012749673,Einasto,b,5000,2.1943835004983985e-23
Scl,0.26585967012749673,Einasto,b,7000,2.1931415410288084e-23
Scl,0.26585967012749673,Einasto,b,10000,2.2386949620515634e-23
Scl,0.26585967012749673,Einasto,b,20000,2.7178762866565674e-23
Scl,0.26585967012749673,Einasto,b,30000,3.2887737437838127e-23
Scl,0.26585967012749673,Einasto,b,50000,4.518727966929252e-23
Scl,0.26585967012749673,Einasto,b,100000,7.987164021914794e-23
Scl,0.26585967012749673,Einasto,b,70,3.5193310051940135e-22
Scl,0.26585967012749673,Einasto,b,100,1.2568459102049973e-22
Scl,0.26585967012749673,Einasto,b,200,3.405719691799552e-23
Scl,0.26585967012749673,Einasto,b,500,1.4375355361068526e-23
Scl,0.26585967012749673,Einasto,b,800,1.2622972571874857e-23
Scl,0.26585967012749673,Einasto,b,1000,1.2327598848883918e-23
Scl,0.26585967012749673,Einasto,b,2000,1.3040319184761256e-23
Scl,0.26585967012749673,Einasto,b,3000,1.4152048572064308e-23
Scl,0.26585967012749673,Einasto,b,5000,1.6122930340355357e-23
Scl,0.26585967012749673,Einasto,b,7000,1.796042601811107e-23
Scl,0.26585967012749673,Einasto,b,10000,2.0565111796166598e-23
Scl,0.26585967012749673,Einasto,b,20000,2.9516049220205924e-23
Scl,0.26585967012749673,Einasto,b,30000,4.06217047952035e-23
Scl,0.26585967012749673,Einasto,b,50000,6.591659539166758e-23
Scl,0.26585967012749673,Einasto,b,100000,1.311331751659212e-22
Scl,0.26585967012749673,Einasto,b,70,3.7984391958266077e-22
Scl,0.26585967012749673,Einasto,b,100,1.227975136529044e-22
Scl,0.26585967012749673,Einasto,b,200,2.9406214733542407e-23
Scl,0.26585967012749673,Einasto,b,500,1.1994426694210727e-23
Scl,0.26585967012749673,Einasto,b,800,1.1028735782768479e-23
Scl,0.26585967012749673,Einasto,b,1000,1.1449076637792021e-23
Scl,0.26585967012749673,Einasto,b,2000,1.5157313575043013e-23
Scl,0.26585967012749673,Einasto,b,3000,1.8876933224207666e-23
Scl,0.26585967012749673,Einasto,b,5000,2.2576006988012802e-23
Scl,0.26585967012749673,Einasto,b,7000,2.4890776275230482e-23
Scl,0.26585967012749673,Einasto,b,10000,2.7024794661742816e-23
Scl,0.26585967012749673,Einasto,b,20000,3.4053446215957784e-23
Scl,0.26585967012749673,Einasto,b,30000,4.1971569592856267e-23
Scl,0.26585967012749673,Einasto,b,50000,6.046749653627046e-23
Scl,0.26585967012749673,Einasto,b,100000,1.1489707119914577e-22
Scl,0.26585967012749673,Einasto,b,70,4.768585977225157e-22
Scl,0.26585967012749673,Einasto,b,200,5.223863910635756e-23
Scl,0.26585967012749673,Einasto,b,800,2.2221887709313147e-23
Scl,0.26585967012749673,Einasto,b,1000,2.141046744590953e-23
Scl,0.26585967012749673,Einasto,b,2000,2.2408894496906284e-23
Scl,0.26585967012749673,Einasto,b,3000,2.2595786224229528e-23
Scl,0.26585967012749673,Einasto,b,5000,2.6211509471308042e-23
Scl,0.26585967012749673,Einasto,b,7000,2.844943093467953e-23
Scl,0.26585967012749673,Einasto,b,10000,3.082288637475095e-23
Scl,0.26585967012749673,Einasto,b,20000,3.6828271573745165e-23
Scl,0.26585967012749673,Einasto,b,30000,4.352736472660226e-23
Scl,0.26585967012749673,Einasto,b,50000,5.729895876709552e-23
Scl,0.26585967012749673,Einasto,b,100000,8.712070643192585e-23
Scl,0.26585967012749673,Einasto,b,70,1.6912697318354388e-22
Scl,0.26585967012749673,Einasto,b,100,5.716999033510618e-23
Scl,0.26585967012749673,Einasto,b,200,1.491687949291276e-23
Scl,0.26585967012749673,Einasto,b,500,6.876734072134292e-24
Scl,0.26585967012749673,Einasto,b,800,6.6006714639529264e-24
Scl,0.26585967012749673,Einasto,b,1000,6.958636758234458e-24
Scl,0.26585967012749673,Einasto,b,2000,9.053726310185385e-24
Scl,0.26585967012749673,Einasto,b,3000,1.0045947452435142e-23
Scl,0.26585967012749673,Einasto,b,5000,1.0908736834103841e-23
Scl,0.26585967012749673,Einasto,b,7000,1.1622391839566501e-23
Scl,0.26585967012749673,Einasto,b,10000,1.27042171043834e-23
Scl,0.26585967012749673,Einasto,b,20000,1.773088614126057e-23
Scl,0.26585967012749673,Einasto,b,30000,2.3835495702340274e-23
Scl,0.26585967012749673,Einasto,b,50000,3.753789209876575e-23
Scl,0.26585967012749673,Einasto,b,100000,7.289573155807779e-23
Scl,0.26585967012749673,Einasto,b,70,3.862451435518844e-22
Scl,0.26585967012749673,Einasto,b,100,1.5327550835809938e-22
Scl,0.26585967012749673,Einasto,b,200,4.2764929756951523e-23
Scl,0.26585967012749673,Einasto,b,500,1.7506816331732695e-23
Scl,0.26585967012749673,Einasto,b,800,1.4193926297237293e-23
Scl,0.26585967012749673,Einasto,b,1000,1.2887717472861708e-23
Scl,0.26585967012749673,Einasto,b,2000,1.0508610297342089e-23
Scl,0.26585967012749673,Einasto,b,3000,1.0076221458503793e-23
Scl,0.26585967012749673,Einasto,b,5000,1.053393691174967e-23
Scl,0.26585967012749673,Einasto,b,7000,1.1563715463462625e-23
Scl,0.26585967012749673,Einasto,b,10000,1.3116795960222335e-23
Scl,0.26585967012749673,Einasto,b,20000,1.8799174871974787e-23
Scl,0.26585967012749673,Einasto,b,30000,2.4412063279502656e-23
Scl,0.26585967012749673,Einasto,b,50000,3.531140087040936e-23
Scl,0.26585967012749673,Einasto,b,100000,6.558419516399354e-23
Scl,0.26585967012749673,Einasto,b,70,3.399701064597424e-22
Scl,0.26585967012749673,Einasto,b,100,1.0137722451020146e-22
Scl,0.26585967012749673,Einasto,b,200,2.31873687973487e-23
Scl,0.26585967012749673,Einasto,b,500,8.141735528130622e-24
Scl,0.26585967012749673,Einasto,b,800,6.627398729533544e-24
Scl,0.26585967012749673,Einasto,b,1000,6.33492376512982e-24
Scl,0.26585967012749673,Einasto,b,2000,6.665630366580598e-24
Scl,0.26585967012749673,Einasto,b,3000,7.53520466521621e-24
Scl,0.26585967012749673,Einasto,b,5000,9.211531796628482e-24
Scl,0.26585967012749673,Einasto,b,7000,1.0821080561866991e-23
Scl,0.26585967012749673,Einasto,b,10000,1.2870368747989718e-23
Scl,0.26585967012749673,Einasto,b,20000,1.8946961069279422e-23
Scl,0.26585967012749673,Einasto,b,30000,2.470863298496947e-23
Scl,0.26585967012749673,Einasto,b,50000,3.5914796812371377e-23
Scl,0.26585967012749673,Einasto,b,100000,6.442806730829497e-23
Scl,0.26585967012749673,Einasto,b,70,4.561911464837854e-22
Scl,0.26585967012749673,Einasto,b,100,1.5803997508400396e-22
Scl,0.26585967012749673,Einasto,b,200,3.8970164459721273e-23
Scl,0.26585967012749673,Einasto,b,500,1.3500509113099722e-23
Scl,0.26585967012749673,Einasto,b,800,1.0222386571850661e-23
Scl,0.26585967012749673,Einasto,b,1000,9.618687168221725e-24
Scl,0.26585967012749673,Einasto,b,2000,9.796170908147951e-24
Scl,0.26585967012749673,Einasto,b,3000,1.1213961453484347e-23
Scl,0.26585967012749673,Einasto,b,5000,1.462350414444113e-23
Scl,0.26585967012749673,Einasto,b,7000,1.7953320828164161e-23
Scl,0.26585967012749673,Einasto,b,10000,2.2897544148026266e-23
Scl,0.26585967012749673,Einasto,b,20000,3.3976622791113705e-23
Scl,0.26585967012749673,Einasto,b,30000,4.0958027358524477e-23
Scl,0.26585967012749673,Einasto,b,50000,5.248386627250302e-23
Scl,0.26585967012749673,Einasto,b,100000,8.112642023414673e-23
Scl,0.26585967012749673,Einasto,b,70,5.011488404051615e-22
Scl,0.26585967012749673,Einasto,b,200,5.0419908979599226e-23
Scl,0.26585967012749673,Einasto,b,500,2.1716933970881036e-23
Scl,0.26585967012749673,Einasto,b,800,2.100404743785372e-23
Scl,0.26585967012749673,Einasto,b,1000,1.8694167021487853e-23
Scl,0.26585967012749673,Einasto,b,2000,2.2074864742866705e-23
Scl,0.26585967012749673,Einasto,b,3000,2.218708394127311e-23
Scl,0.26585967012749673,Einasto,b,5000,2.723432521352048e-23
Scl,0.26585967012749673,Einasto,b,7000,2.769417834035958e-23
Scl,0.26585967012749673,Einasto,b,10000,3.010051540667156e-23
Scl,0.26585967012749673,Einasto,b,20000,3.730548231378284e-23
Scl,0.26585967012749673,Einasto,b,30000,4.74729334966735e-23
Scl,0.26585967012749673,Einasto,b,50000,7.315102184103302e-23
Scl,0.26585967012749673,Einasto,b,100000,1.4620048769769084e-22
Scl,0.26585967012749673,Einasto,b,70,2.6130038981514717e-22
Scl,0.26585967012749673,Einasto,b,100,8.529922055704178e-23
Scl,0.26585967012749673,Einasto,b,200,1.9836199082617276e-23
Scl,0.26585967012749673,Einasto,b,500,7.481404053133875e-24
Scl,0.26585967012749673,Einasto,b,800,6.278154434502177e-24
Scl,0.26585967012749673,Einasto,b,1000,6.066955423866966e-24
Scl,0.26585967012749673,Einasto,b,2000,6.529664914878678e-24
Scl,0.26585967012749673,Einasto,b,3000,7.34618868966467e-24
Scl,0.26585967012749673,Einasto,b,5000,9.201947232001913e-24
Scl,0.26585967012749673,Einasto,b,7000,1.0765139665733223e-23
Scl,0.26585967012749673,Einasto,b,10000,1.2915190203391126e-23
Scl,0.26585967012749673,Einasto,b,20000,2.1554599239835024e-23
Scl,0.26585967012749673,Einasto,b,30000,3.252391803079888e-23
Scl,0.26585967012749673,Einasto,b,50000,5.926795402225299e-23
Scl,0.26585967012749673,Einasto,b,100000,1.2982277247881357e-22
Scl,0.26585967012749673,Einasto,b,70,2.365564368751219e-22
Scl,0.26585967012749673,Einasto,b,100,1.2064046753731586e-22
Scl,0.26585967012749673,Einasto,b,200,4.354477335490553e-23
Scl,0.26585967012749673,Einasto,b,500,2.2165781222648885e-23
Scl,0.26585967012749673,Einasto,b,800,2.1693409941523307e-23
Scl,0.26585967012749673,Einasto,b,1000,2.047023310582535e-23
Scl,0.26585967012749673,Einasto,b,2000,1.8389190585896867e-23
Scl,0.26585967012749673,Einasto,b,3000,2.0020314332339683e-23
Scl,0.26585967012749673,Einasto,b,5000,2.04931028279978e-23
Scl,0.26585967012749673,Einasto,b,7000,2.1025290729222663e-23
Scl,0.26585967012749673,Einasto,b,10000,2.197176744428097e-23
Scl,0.26585967012749673,Einasto,b,20000,2.561613115594103e-23
Scl,0.26585967012749673,Einasto,b,30000,3.164492359418984e-23
Scl,0.26585967012749673,Einasto,b,50000,4.699754283009045e-23
Scl,0.26585967012749673,Einasto,b,100000,9.264348286501032e-23
Scl,0.26585967012749673,Einasto,b,70,2.5998051772512866e-22
Scl,0.26585967012749673,Einasto,b,100,8.174892790518696e-23
Scl,0.26585967012749673,Einasto,b,200,2.1146808470395676e-23
Scl,0.26585967012749673,Einasto,b,500,8.609739898645323e-24
Scl,0.26585967012749673,Einasto,b,800,7.782669036500082e-24
Scl,0.26585967012749673,Einasto,b,1000,7.855771385203115e-24
Scl,0.26585967012749673,Einasto,b,2000,9.185484780276154e-24
Scl,0.26585967012749673,Einasto,b,3000,1.1311944845145772e-23
Scl,0.26585967012749673,Einasto,b,5000,1.671951626265253e-23
Scl,0.26585967012749673,Einasto,b,7000,2.2804873478108727e-23
Scl,0.26585967012749673,Einasto,b,10000,3.2185700915517145e-23
Scl,0.26585967012749673,Einasto,b,20000,5.643020692804807e-23
Scl,0.26585967012749673,Einasto,b,30000,6.752353137062835e-23
Scl,0.26585967012749673,Einasto,b,100000,1.6031941627424893e-22
Scl,0.26585967012749673,Einasto,b,70,2.8748743515584157e-22
Scl,0.26585967012749673,Einasto,b,100,9.622990382996385e-23
Scl,0.26585967012749673,Einasto,b,200,2.485866699883589e-23
Scl,0.26585967012749673,Einasto,b,500,1.1278448366332989e-23
Scl,0.26585967012749673,Einasto,b,800,1.0468260097646428e-23
Scl,0.26585967012749673,Einasto,b,1000,1.1005577412298056e-23
Scl,0.26585967012749673,Einasto,b,2000,1.3553405996570778e-23
Scl,0.26585967012749673,Einasto,b,3000,1.5280303488531027e-23
Scl,0.26585967012749673,Einasto,b,5000,1.734836651583864e-23
Scl,0.26585967012749673,Einasto,b,7000,1.8991999648942872e-23
Scl,0.26585967012749673,Einasto,b,10000,2.1337078106564888e-23
Scl,0.26585967012749673,Einasto,b,20000,2.956817001389211e-23
Scl,0.26585967012749673,Einasto,b,30000,3.78673757522444e-23
Scl,0.26585967012749673,Einasto,b,50000,5.221762053744171e-23
Scl,0.26585967012749673,Einasto,b,100000,8.452017891848429e-23
Scl,0.26585967012749673,Einasto,b,70,3.4120649454417923e-22
Scl,0.26585967012749673,Einasto,b,100,1.1296043443369693e-22
Scl,0.26585967012749673,Einasto,b,200,2.6766591977727397e-23
Scl,0.26585967012749673,Einasto,b,500,9.324009406099761e-24
Scl,0.26585967012749673,Einasto,b,800,7.140566938294513e-24
Scl,0.26585967012749673,Einasto,b,1000,6.783573952579204e-24
Scl,0.26585967012749673,Einasto,b,2000,7.620590409250057e-24
Scl,0.26585967012749673,Einasto,b,3000,9.227315904761466e-24
Scl,0.26585967012749673,Einasto,b,5000,1.1960914737613846e-23
Scl,0.26585967012749673,Einasto,b,7000,1.350744213492768e-23
Scl,0.26585967012749673,Einasto,b,10000,1.4991513384660052e-23
Scl,0.26585967012749673,Einasto,b,20000,1.8454190724008496e-23
Scl,0.26585967012749673,Einasto,b,30000,2.251427901375084e-23
Scl,0.26585967012749673,Einasto,b,50000,3.161845147346222e-23
Scl,0.26585967012749673,Einasto,b,100000,5.661426495843046e-23
Scl,0.26585967012749673,Einasto,b,70,5.786070953738871e-22
Scl,0.26585967012749673,Einasto,b,200,3.1572594123814714e-23
Scl,0.26585967012749673,Einasto,b,500,8.18894660683709e-24
Scl,0.26585967012749673,Einasto,b,800,5.93804835793596e-24
Scl,0.26585967012749673,Einasto,b,1000,5.570735692974885e-24
Scl,0.26585967012749673,Einasto,b,2000,6.135117022756353e-24
Scl,0.26585967012749673,Einasto,b,3000,7.838523641074645e-24
Scl,0.26585967012749673,Einasto,b,5000,1.16529982838974e-23
Scl,0.26585967012749673,Einasto,b,7000,1.4529468705823012e-23
Scl,0.26585967012749673,Einasto,b,10000,1.7407617577265486e-23
Scl,0.26585967012749673,Einasto,b,20000,2.2336512200796146e-23
Scl,0.26585967012749673,Einasto,b,30000,2.7065767924912334e-23
Scl,0.26585967012749673,Einasto,b,50000,3.8966167975545777e-23
Scl,0.26585967012749673,Einasto,b,100000,7.542351837371187e-23
Scl,0.26585967012749673,Einasto,b,70,4.707180384167774e-22
Scl,0.26585967012749673,Einasto,b,100,1.5522712354146635e-22
Scl,0.26585967012749673,Einasto,b,200,3.852497666182345e-23
Scl,0.26585967012749673,Einasto,b,500,1.7112952260113814e-23
Scl,0.26585967012749673,Einasto,b,800,1.6431099373180865e-23
Scl,0.26585967012749673,Einasto,b,1000,1.7552369876812213e-23
Scl,0.26585967012749673,Einasto,b,2000,2.253032627851991e-23
Scl,0.26585967012749673,Einasto,b,5000,3.591627689669027e-23
Scl,0.26585967012749673,Einasto,b,7000,4.1802184059976834e-23
Scl,0.26585967012749673,Einasto,b,10000,4.865017352505821e-23
Scl,0.26585967012749673,Einasto,b,20000,6.72913792195333e-23
Scl,0.26585967012749673,Einasto,b,100000,2.3369739450912634e-22
Scl,0.26585967012749673,Einasto,b,70,1.799883804734478e-22
Scl,0.26585967012749673,Einasto,b,100,7.009045570970342e-23
Scl,0.26585967012749673,Einasto,b,200,2.0380339035410265e-23
Scl,0.26585967012749673,Einasto,b,500,9.81361410151157e-24
Scl,0.26585967012749673,Einasto,b,800,8.743330541581303e-24
Scl,0.26585967012749673,Einasto,b,1000,8.829654869794984e-24
Scl,0.26585967012749673,Einasto,b,2000,1.0373945095443196e-23
Scl,0.26585967012749673,Einasto,b,3000,1.1908824248684214e-23
Scl,0.26585967012749673,Einasto,b,5000,1.5546516419638613e-23
Scl,0.26585967012749673,Einasto,b,7000,1.9295134850201186e-23
Scl,0.26585967012749673,Einasto,b,10000,2.4465784685918203e-23
Scl,0.26585967012749673,Einasto,b,20000,4.119591324917241e-23
Scl,0.26585967012749673,Einasto,b,30000,5.643150859996086e-23
Scl,0.26585967012749673,Einasto,b,100000,1.6230938483504226e-22
Scl,0.26585967012749673,Einasto,b,70,2.162844612073486e-22
Scl,0.26585967012749673,Einasto,b,100,6.119435434363342e-23
Scl,0.26585967012749673,Einasto,b,200,1.420123301598999e-23
Scl,0.26585967012749673,Einasto,b,500,5.4756453265401824e-24
Scl,0.26585967012749673,Einasto,b,800,5.0138614633696516e-24
Scl,0.26585967012749673,Einasto,b,1000,5.191616825813164e-24
Scl,0.26585967012749673,Einasto,b,2000,6.966589816995142e-24
Scl,0.26585967012749673,Einasto,b,3000,8.928649513754021e-24
Scl,0.26585967012749673,Einasto,b,5000,1.2467745778584751e-23
Scl,0.26585967012749673,Einasto,b,7000,1.5736471723951055e-23
Scl,0.26585967012749673,Einasto,b,10000,2.0354698839354823e-23
Scl,0.26585967012749673,Einasto,b,20000,3.222038948852342e-23
Scl,0.26585967012749673,Einasto,b,30000,4.2182088157826047e-23
Scl,0.26585967012749673,Einasto,b,50000,5.969637075131963e-23
Scl,0.26585967012749673,Einasto,b,100000,1.0672633252772117e-22
Scl,0.26585967012749673,Einasto,b,70,3.2120704302381205e-22
Scl,0.26585967012749673,Einasto,b,100,1.3030076246743203e-22
Scl,0.26585967012749673,Einasto,b,200,3.9249299942740436e-23
Scl,0.26585967012749673,Einasto,b,500,1.9165483810080458e-23
Scl,0.26585967012749673,Einasto,b,800,1.7476581955468643e-23
Scl,0.26585967012749673,Einasto,b,1000,1.7605723229972212e-23
Scl,0.26585967012749673,Einasto,b,2000,1.8842165495623776e-23
Scl,0.26585967012749673,Einasto,b,3000,2.1533055253921913e-23
Scl,0.26585967012749673,Einasto,b,5000,2.769171166825394e-23
Scl,0.26585967012749673,Einasto,b,7000,2.817840237111561e-23
Scl,0.26585967012749673,Einasto,b,10000,3.214424548049001e-23
Scl,0.26585967012749673,Einasto,b,20000,4.0661752695027223e-23
Scl,0.26585967012749673,Einasto,b,30000,5.073017630840811e-23
Scl,0.26585967012749673,Einasto,b,50000,7.416375260613822e-23
Scl,0.26585967012749673,Einasto,b,100000,1.1656879649834314e-22
Scl,0.26585967012749673,Einasto,b,70,3.438068675770983e-22
Scl,0.26585967012749673,Einasto,b,100,1.1826013841700535e-22
Scl,0.26585967012749673,Einasto,b,200,3.566065058979415e-23
Scl,0.26585967012749673,Einasto,b,500,1.7710871835861682e-23
Scl,0.26585967012749673,Einasto,b,800,1.741611967982535e-23
Scl,0.26585967012749673,Einasto,b,1000,1.785355270285128e-23
Scl,0.26585967012749673,Einasto,b,2000,1.872417447698068e-23
Scl,0.26585967012749673,Einasto,b,3000,2.0939141780297134e-23
Scl,0.26585967012749673,Einasto,b,5000,2.1513792587038524e-23
Scl,0.26585967012749673,Einasto,b,7000,2.1681651329648614e-23
Scl,0.26585967012749673,Einasto,b,10000,2.2113636965500863e-23
Scl,0.26585967012749673,Einasto,b,20000,2.4807306610704106e-23
Scl,0.26585967012749673,Einasto,b,30000,2.814433550816918e-23
Scl,0.26585967012749673,Einasto,b,50000,3.4753635153595654e-23
Scl,0.26585967012749673,Einasto,b,100000,5.400777236277147e-23
Scl,0.26585967012749673,Einasto,b,70,1.8302915350042021e-22
Scl,0.26585967012749673,Einasto,b,100,7.518822803605971e-23
Scl,0.26585967012749673,Einasto,b,200,2.342445120169839e-23
Scl,0.26585967012749673,Einasto,b,500,1.2979514902645497e-23
Scl,0.26585967012749673,Einasto,b,800,1.2634368393393032e-23
Scl,0.26585967012749673,Einasto,b,1000,1.3138976639281834e-23
Scl,0.26585967012749673,Einasto,b,2000,1.6419373340274352e-23
Scl,0.26585967012749673,Einasto,b,3000,1.927810253500778e-23
Scl,0.26585967012749673,Einasto,b,5000,2.282683728321348e-23
Scl,0.26585967012749673,Einasto,b,7000,2.3902344202425876e-23
Scl,0.26585967012749673,Einasto,b,10000,2.3753339259850228e-23
Scl,0.26585967012749673,Einasto,b,20000,2.287948747276016e-23
Scl,0.26585967012749673,Einasto,b,30000,2.3950290405028433e-23
Scl,0.26585967012749673,Einasto,b,50000,2.8118848360897035e-23
Scl,0.26585967012749673,Einasto,b,100000,4.1814977858675975e-23
Scl,0.26585967012749673,Einasto,b,70,2.905751568144014e-22
Scl,0.26585967012749673,Einasto,b,100,1.0197591219138977e-22
Scl,0.26585967012749673,Einasto,b,200,2.7079348336213516e-23
Scl,0.26585967012749673,Einasto,b,500,1.0917293181211865e-23
Scl,0.26585967012749673,Einasto,b,800,9.498597927853449e-24
Scl,0.26585967012749673,Einasto,b,1000,9.112597164554232e-24
Scl,0.26585967012749673,Einasto,b,2000,9.04967672147926e-24
Scl,0.26585967012749673,Einasto,b,3000,9.710286730279526e-24
Scl,0.26585967012749673,Einasto,b,5000,1.1705619299768728e-23
Scl,0.26585967012749673,Einasto,b,7000,1.3919986596567992e-23
Scl,0.26585967012749673,Einasto,b,10000,1.6690110747694957e-23
Scl,0.26585967012749673,Einasto,b,20000,2.2625520476699562e-23
Scl,0.26585967012749673,Einasto,b,30000,2.6298409144806048e-23
Scl,0.26585967012749673,Einasto,b,50000,3.431181034673484e-23
Scl,0.26585967012749673,Einasto,b,100000,6.399403336872991e-23
Scl,0.26585967012749673,Einasto,b,70,1.8863960447948162e-22
Scl,0.26585967012749673,Einasto,b,100,6.96861748638036e-23
Scl,0.26585967012749673,Einasto,b,200,2.02398164811536e-23
Scl,0.26585967012749673,Einasto,b,500,1.096943760635495e-23
Scl,0.26585967012749673,Einasto,b,800,1.1383272306417776e-23
Scl,0.26585967012749673,Einasto,b,1000,1.2466671834893295e-23
Scl,0.26585967012749673,Einasto,b,2000,1.7460223934429965e-23
Scl,0.26585967012749673,Einasto,b,3000,2.136846422041132e-23
Scl,0.26585967012749673,Einasto,b,5000,2.922861133510493e-23
Scl,0.26585967012749673,Einasto,b,7000,3.3649010348415e-23
Scl,0.26585967012749673,Einasto,b,10000,3.615604434019794e-23
Scl,0.26585967012749673,Einasto,b,20000,5.472357809431479e-23
Scl,0.26585967012749673,Einasto,b,50000,1.0552168618776037e-22
Scl,0.26585967012749673,Einasto,b,100000,1.6700552925196924e-22
Scl,0.26585967012749673,Einasto,b,70,3.9155301983216605e-22
Scl,0.26585967012749673,Einasto,b,100,1.2420585704378101e-22
Scl,0.26585967012749673,Einasto,b,200,3.1801091202063453e-23
Scl,0.26585967012749673,Einasto,b,500,1.3797923321844564e-23
Scl,0.26585967012749673,Einasto,b,800,1.3404797219807422e-23
Scl,0.26585967012749673,Einasto,b,1000,1.4017925170959557e-23
Scl,0.26585967012749673,Einasto,b,2000,1.6312705430091514e-23
Scl,0.26585967012749673,Einasto,b,3000,1.834573327836261e-23
Scl,0.26585967012749673,Einasto,b,5000,1.9471072846510245e-23
Scl,0.26585967012749673,Einasto,b,7000,1.961157894024591e-23
Scl,0.26585967012749673,Einasto,b,10000,1.9179261774746588e-23
Scl,0.26585967012749673,Einasto,b,20000,2.0042625297905444e-23
Scl,0.26585967012749673,Einasto,b,30000,2.356861036445071e-23
Scl,0.26585967012749673,Einasto,b,50000,3.300557591286206e-23
Scl,0.26585967012749673,Einasto,b,100000,5.86890911804647e-23
Scl,0.26585967012749673,Einasto,b,70,2.3580327310896067e-22
Scl,0.26585967012749673,Einasto,b,100,8.486953996052913e-23
Scl,0.26585967012749673,Einasto,b,200,2.1570907080898935e-23
Scl,0.26585967012749673,Einasto,b,500,9.499635827714098e-24
Scl,0.26585967012749673,Einasto,b,800,8.228511678102184e-24
Scl,0.26585967012749673,Einasto,b,1000,8.024617706570478e-24
Scl,0.26585967012749673,Einasto,b,2000,8.76965693695431e-24
Scl,0.26585967012749673,Einasto,b,3000,9.696613790565137e-24
Scl,0.26585967012749673,Einasto,b,5000,1.1577600622464723e-23
Scl,0.26585967012749673,Einasto,b,7000,1.3724949252055387e-23
Scl,0.26585967012749673,Einasto,b,10000,1.760153985520895e-23
Scl,0.26585967012749673,Einasto,b,20000,3.418354686407977e-23
Scl,0.26585967012749673,Einasto,b,30000,5.46733893761897e-23
Scl,0.26585967012749673,Einasto,b,100000,2.0132147253376025e-22
Scl,0.26585967012749673,Einasto,b,70,4.587745740366047e-22
Scl,0.26585967012749673,Einasto,b,200,3.5206431658696845e-23
Scl,0.26585967012749673,Einasto,b,500,1.2401711636691808e-23
Scl,0.26585967012749673,Einasto,b,800,1.0156361652150247e-23
Scl,0.26585967012749673,Einasto,b,1000,9.962186570955133e-24
Scl,0.26585967012749673,Einasto,b,2000,1.1185993723298423e-23
Scl,0.26585967012749673,Einasto,b,3000,1.342660970785291e-23
Scl,0.26585967012749673,Einasto,b,5000,1.7617929310381862e-23
Scl,0.26585967012749673,Einasto,b,7000,2.136953658245934e-23
Scl,0.26585967012749673,Einasto,b,10000,2.598854165085534e-23
Scl,0.26585967012749673,Einasto,b,20000,4.016410612968286e-23
Scl,0.26585967012749673,Einasto,b,30000,5.2024071008717237e-23
Scl,0.26585967012749673,Einasto,b,50000,6.95562380934313e-23
Scl,0.26585967012749673,Einasto,b,100000,1.0155034957561414e-22
Scl,0.26585967012749673,Einasto,b,70,2.2836186284577986e-22
Scl,0.26585967012749673,Einasto,b,100,8.242545550100948e-23
Scl,0.26585967012749673,Einasto,b,200,1.9794581597314277e-23
Scl,0.26585967012749673,Einasto,b,500,8.328845464164315e-24
Scl,0.26585967012749673,Einasto,b,800,7.505103868367411e-24
Scl,0.26585967012749673,Einasto,b,1000,7.759408147943719e-24
Scl,0.26585967012749673,Einasto,b,2000,1.2406228768382208e-23
Scl,0.26585967012749673,Einasto,b,3000,1.805404899468824e-23
Scl,0.26585967012749673,Einasto,b,5000,2.743964914389262e-23
Scl,0.26585967012749673,Einasto,b,7000,3.421850219899917e-23
Scl,0.26585967012749673,Einasto,b,10000,4.1747359776368584e-23
Scl,0.26585967012749673,Einasto,b,20000,5.954443239743327e-23
Scl,0.26585967012749673,Einasto,b,50000,9.704069160215367e-23
Scl,0.26585967012749673,Einasto,b,100000,1.4874995840730225e-22
Scl,0.26585967012749673,Einasto,b,70,3.333767441500074e-22
Scl,0.26585967012749673,Einasto,b,100,1.17757972781925e-22
Scl,0.26585967012749673,Einasto,b,200,3.0522836290848824e-23
Scl,0.26585967012749673,Einasto,b,500,1.3624009355037028e-23
Scl,0.26585967012749673,Einasto,b,800,1.2080406035790398e-23
Scl,0.26585967012749673,Einasto,b,1000,1.2339716681883239e-23
Scl,0.26585967012749673,Einasto,b,2000,1.5112420108300746e-23
Scl,0.26585967012749673,Einasto,b,3000,1.8151207924264402e-23
Scl,0.26585967012749673,Einasto,b,5000,2.4209755854496238e-23
Scl,0.26585967012749673,Einasto,b,7000,2.7867839199638805e-23
Scl,0.26585967012749673,Einasto,b,10000,3.046241485792832e-23
Scl,0.26585967012749673,Einasto,b,20000,3.681544186155602e-23
Scl,0.26585967012749673,Einasto,b,30000,4.1269527269809206e-23
Scl,0.26585967012749673,Einasto,b,50000,5.2007033854461827e-23
Scl,0.26585967012749673,Einasto,b,100000,8.441415817917611e-23
Scl,0.26585967012749673,Einasto,b,70,1.1723912124242138e-22
Scl,0.26585967012749673,Einasto,b,100,4.0672605310869325e-23
Scl,0.26585967012749673,Einasto,b,200,1.088247785842861e-23
Scl,0.26585967012749673,Einasto,b,500,5.250939718719456e-24
Scl,0.26585967012749673,Einasto,b,800,5.027942374950899e-24
Scl,0.26585967012749673,Einasto,b,1000,5.180877892419061e-24
Scl,0.26585967012749673,Einasto,b,2000,6.2118096835193784e-24
Scl,0.26585967012749673,Einasto,b,3000,6.809004920339819e-24
Scl,0.26585967012749673,Einasto,b,5000,7.645829357727794e-24
Scl,0.26585967012749673,Einasto,b,7000,8.440222643464874e-24
Scl,0.26585967012749673,Einasto,b,10000,9.823993287545559e-24
Scl,0.26585967012749673,Einasto,b,20000,1.5991868795090016e-23
Scl,0.26585967012749673,Einasto,b,30000,2.318914883825466e-23
Scl,0.26585967012749673,Einasto,b,50000,3.937864713858841e-23
Scl,0.26585967012749673,Einasto,b,100000,8.458264872090517e-23
Scl,0.26585967012749673,Einasto,b,70,3.166575022569057e-22
Scl,0.26585967012749673,Einasto,b,100,1.1706725214704793e-22
Scl,0.26585967012749673,Einasto,b,200,3.185570832695202e-23
Scl,0.26585967012749673,Einasto,b,500,1.4663087719536197e-23
Scl,0.26585967012749673,Einasto,b,800,1.325749675733733e-23
Scl,0.26585967012749673,Einasto,b,1000,1.361426907334829e-23
Scl,0.26585967012749673,Einasto,b,2000,1.5781076508064325e-23
Scl,0.26585967012749673,Einasto,b,3000,1.749876061524262e-23
Scl,0.26585967012749673,Einasto,b,5000,1.921003138876297e-23
Scl,0.26585967012749673,Einasto,b,7000,2.1211452000221598e-23
Scl,0.26585967012749673,Einasto,b,10000,2.442619636373214e-23
Scl,0.26585967012749673,Einasto,b,20000,3.98856168509667e-23
Scl,0.26585967012749673,Einasto,b,30000,5.967158604682084e-23
Scl,0.26585967012749673,Einasto,b,100000,1.9313758377656686e-22
Scl,0.26585967012749673,Einasto,b,70,5.207020482267939e-22
Scl,0.26585967012749673,Einasto,b,100,2.0080495393520625e-22
Scl,0.26585967012749673,Einasto,b,500,2.066640308120534e-23
Scl,0.26585967012749673,Einasto,b,800,1.9063093548964662e-23
Scl,0.26585967012749673,Einasto,b,1000,1.7193683239704392e-23
Scl,0.26585967012749673,Einasto,b,2000,1.8359330790694752e-23
Scl,0.26585967012749673,Einasto,b,3000,2.0682912710507482e-23
Scl,0.26585967012749673,Einasto,b,5000,2.4718978046979996e-23
Scl,0.26585967012749673,Einasto,b,7000,2.898042334090047e-23
Scl,0.26585967012749673,Einasto,b,10000,3.709288202440555e-23
Scl,0.26585967012749673,Einasto,b,20000,6.981647993981861e-23
Scl,0.26585967012749673,Einasto,b,30000,7.766778588800548e-23
Scl,0.26585967012749673,Einasto,b,50000,1.0751867431397443e-22
Scl,0.26585967012749673,Einasto,b,100000,1.7119298002008647e-22
Scl,0.26585967012749673,Einasto,b,70,2.89912081724638e-22
Scl,0.26585967012749673,Einasto,b,100,1.09499702907143e-22
Scl,0.26585967012749673,Einasto,b,200,2.920348048391693e-23
Scl,0.26585967012749673,Einasto,b,500,1.0472747601179868e-23
Scl,0.26585967012749673,Einasto,b,800,7.524866287962701e-24
Scl,0.26585967012749673,Einasto,b,1000,6.775091471037767e-24
Scl,0.26585967012749673,Einasto,b,2000,5.62411590776807e-24
Scl,0.26585967012749673,Einasto,b,3000,5.8060102792164855e-24
Scl,0.26585967012749673,Einasto,b,5000,7.394919737281512e-24
Scl,0.26585967012749673,Einasto,b,7000,9.460982982320312e-24
Scl,0.26585967012749673,Einasto,b,10000,1.328692875490139e-23
Scl,0.26585967012749673,Einasto,b,20000,2.82232385539432e-23
Scl,0.26585967012749673,Einasto,b,30000,4.2112391337462715e-23
Scl,0.26585967012749673,Einasto,b,50000,6.731674664435122e-23
Scl,0.26585967012749673,Einasto,b,100000,1.3145761085200104e-22
Scl,0.26585967012749673,Einasto,b,100,2.7255719438143405e-22
Scl,0.26585967012749673,Einasto,b,200,6.722619660334872e-23
Scl,0.26585967012749673,Einasto,b,500,2.6160490808087754e-23
Scl,0.26585967012749673,Einasto,b,3000,2.1670880955259522e-23
Scl,0.26585967012749673,Einasto,b,5000,2.5494952596695535e-23
Scl,0.26585967012749673,Einasto,b,7000,3.071472443739254e-23
Scl,0.26585967012749673,Einasto,b,10000,3.849232340530086e-23
Scl,0.26585967012749673,Einasto,b,50000,1.0312820048500058e-22
Scl,0.26585967012749673,Einasto,b,100000,1.5618424007831434e-22
Scl,0.26585967012749673,Einasto,b,70,5.361906829179773e-22
Scl,0.26585967012749673,Einasto,b,100,1.642184056354347e-22
Scl,0.26585967012749673,Einasto,b,200,3.810556453355325e-23
Scl,0.26585967012749673,Einasto,b,500,1.2641280332468246e-23
Scl,0.26585967012749673,Einasto,b,800,1.0741192729352262e-23
Scl,0.26585967012749673,Einasto,b,1000,1.0886976402421601e-23
Scl,0.26585967012749673,Einasto,b,2000,1.515148974754482e-23
Scl,0.26585967012749673,Einasto,b,3000,1.9335653697769278e-23
Scl,0.26585967012749673,Einasto,b,5000,2.600248463480373e-23
Scl,0.26585967012749673,Einasto,b,10000,3.58299469387628e-23
Scl,0.26585967012749673,Einasto,b,20000,3.748207385271612e-23
Scl,0.26585967012749673,Einasto,b,30000,3.6069721110003386e-23
Scl,0.26585967012749673,Einasto,b,50000,3.566064906321492e-23
Scl,0.26585967012749673,Einasto,b,100000,4.339606938124066e-23
Scl,0.26585967012749673,Einasto,b,70,2.5083369123289e-22
Scl,0.26585967012749673,Einasto,b,100,9.630381180618515e-23
Scl,0.26585967012749673,Einasto,b,200,2.4996532212136823e-23
Scl,0.26585967012749673,Einasto,b,500,1.1279341486465304e-23
Scl,0.26585967012749673,Einasto,b,800,1.015956718203451e-23
Scl,0.26585967012749673,Einasto,b,1000,1.0342872878836895e-23
Scl,0.26585967012749673,Einasto,b,2000,1.2472019366851402e-23
Scl,0.26585967012749673,Einasto,b,3000,1.4774631686525535e-23
Scl,0.26585967012749673,Einasto,b,5000,1.931986172745028e-23
Scl,0.26585967012749673,Einasto,b,7000,2.2833595490661775e-23
Scl,0.26585967012749673,Einasto,b,10000,2.693093520839093e-23
Scl,0.26585967012749673,Einasto,b,20000,3.709300006404753e-23
Scl,0.26585967012749673,Einasto,b,30000,4.5471509544037853e-23
Scl,0.26585967012749673,Einasto,b,50000,6.417494091036381e-23
Scl,0.26585967012749673,Einasto,b,100000,1.207373239054819e-22
Scl,0.26585967012749673,Einasto,b,70,1.7443517936957153e-22
Scl,0.26585967012749673,Einasto,b,100,7.797286562575168e-23
Scl,0.26585967012749673,Einasto,b,200,2.453585834706963e-23
Scl,0.26585967012749673,Einasto,b,500,1.2491007127095298e-23
Scl,0.26585967012749673,Einasto,b,800,1.0470177030730809e-23
Scl,0.26585967012749673,Einasto,b,1000,9.834994685366043e-24
Scl,0.26585967012749673,Einasto,b,2000,8.26766316314803e-24
Scl,0.26585967012749673,Einasto,b,3000,7.904778464981284e-24
Scl,0.26585967012749673,Einasto,b,5000,8.038526666149365e-24
Scl,0.26585967012749673,Einasto,b,7000,8.823009827963236e-24
Scl,0.26585967012749673,Einasto,b,10000,1.0271586365611042e-23
Scl,0.26585967012749673,Einasto,b,20000,1.5540570748981103e-23
Scl,0.26585967012749673,Einasto,b,30000,2.1852179232840063e-23
Scl,0.26585967012749673,Einasto,b,50000,3.666353684993698e-23
Scl,0.26585967012749673,Einasto,b,100000,8.05493487804605e-23
Scl,0.26585967012749673,Einasto,b,70,2.791597385016025e-22
Scl,0.26585967012749673,Einasto,b,100,1.0346137235303903e-22
Scl,0.26585967012749673,Einasto,b,200,2.6280452332161687e-23
Scl,0.26585967012749673,Einasto,b,500,9.772528197328904e-24
Scl,0.26585967012749673,Einasto,b,800,7.446731455377272e-24
Scl,0.26585967012749673,Einasto,b,1000,6.865661312151485e-24
Scl,0.26585967012749673,Einasto,b,2000,6.126775544457753e-24
Scl,0.26585967012749673,Einasto,b,3000,6.211388245533212e-24
Scl,0.26585967012749673,Einasto,b,5000,6.688004388529772e-24
Scl,0.26585967012749673,Einasto,b,7000,7.331171264827603e-24
Scl,0.26585967012749673,Einasto,b,10000,8.542053185068947e-24
Scl,0.26585967012749673,Einasto,b,20000,1.328068283040164e-23
Scl,0.26585967012749673,Einasto,b,30000,1.8959762796313378e-23
Scl,0.26585967012749673,Einasto,b,50000,3.3189507963890475e-23
Scl,0.26585967012749673,Einasto,b,100000,8.04542449402631e-23
Scl,0.26585967012749673,Einasto,b,200,5.55085831356914e-23
Scl,0.26585967012749673,Einasto,b,500,1.7147015575086844e-23
Scl,0.26585967012749673,Einasto,b,800,1.0916077116918366e-23
Scl,0.26585967012749673,Einasto,b,1000,9.47679049077807e-24
Scl,0.26585967012749673,Einasto,b,2000,8.041970624105078e-24
Scl,0.26585967012749673,Einasto,b,3000,8.923030785289446e-24
Scl,0.26585967012749673,Einasto,b,5000,1.1553905861195417e-23
Scl,0.26585967012749673,Einasto,b,7000,1.4253228656463737e-23
Scl,0.26585967012749673,Einasto,b,10000,1.817163816476445e-23
Scl,0.26585967012749673,Einasto,b,20000,2.984317902534169e-23
Scl,0.26585967012749673,Einasto,b,30000,3.9894505224926747e-23
Scl,0.26585967012749673,Einasto,b,50000,5.696912746948059e-23
Scl,0.26585967012749673,Einasto,b,100000,9.723889309407931e-23
Scl,0.26585967012749673,Einasto,b,70,3.129296234501566e-22
Scl,0.26585967012749673,Einasto,b,100,1.1012508385452563e-22
Scl,0.26585967012749673,Einasto,b,200,2.864201804213976e-23
Scl,0.26585967012749673,Einasto,b,500,1.3491021058864584e-23
Scl,0.26585967012749673,Einasto,b,800,1.3361616542168827e-23
Scl,0.26585967012749673,Einasto,b,1000,1.4506505546717073e-23
Scl,0.26585967012749673,Einasto,b,2000,2.0200933133481715e-23
Scl,0.26585967012749673,Einasto,b,5000,3.103149870182388e-23
Scl,0.26585967012749673,Einasto,b,7000,4.010038012876717e-23
Scl,0.26585967012749673,Einasto,b,10000,4.066166351420133e-23
Scl,0.26585967012749673,Einasto,b,20000,6.169385516831145e-23
Scl,0.26585967012749673,Einasto,b,30000,8.462352515551233e-23
Scl,0.26585967012749673,Einasto,b,50000,1.5708952617341443e-22
Scl,0.26585967012749673,Einasto,b,100000,2.4580716704558206e-22
Scl,0.26585967012749673,Einasto,b,70,3.1749261301179854e-22
Scl,0.26585967012749673,Einasto,b,100,1.0222860806555745e-22
Scl,0.26585967012749673,Einasto,b,200,2.5874636948919985e-23
Scl,0.26585967012749673,Einasto,b,500,1.1175321081189757e-23
Scl,0.26585967012749673,Einasto,b,800,1.0621887380320526e-23
Scl,0.26585967012749673,Einasto,b,1000,1.1015091788469427e-23
Scl,0.26585967012749673,Einasto,b,2000,1.446846538541296e-23
Scl,0.26585967012749673,Einasto,b,3000,1.8078588295977534e-23
Scl,0.26585967012749673,Einasto,b,5000,2.680568238924882e-23
Scl,0.26585967012749673,Einasto,b,7000,3.1053852082429623e-23
Scl,0.26585967012749673,Einasto,b,10000,4.1843536566925004e-23
Scl,0.26585967012749673,Einasto,b,20000,5.746966702247648e-23
Scl,0.26585967012749673,Einasto,b,30000,6.320123929243072e-23
Scl,0.26585967012749673,Einasto,b,50000,8.363310443243189e-23
Scl,0.26585967012749673,Einasto,b,100000,1.4357595243043876e-22
Scl,0.26585967012749673,Einasto,b,70,5.078891043441673e-22
Scl,0.26585967012749673,Einasto,b,100,1.5838394612487472e-22
Scl,0.26585967012749673,Einasto,b,200,3.881383283929343e-23
Scl,0.26585967012749673,Einasto,b,500,1.2716960371718722e-23
Scl,0.26585967012749673,Einasto,b,800,9.939490725279861e-24
Scl,0.26585967012749673,Einasto,b,1000,9.556755915453794e-24
Scl,0.26585967012749673,Einasto,b,2000,1.0788464490550532e-23
Scl,0.26585967012749673,Einasto,b,3000,1.3197099718048298e-23
Scl,0.26585967012749673,Einasto,b,5000,1.7665055165228748e-23
Scl,0.26585967012749673,Einasto,b,7000,2.1892800822179997e-23
Scl,0.26585967012749673,Einasto,b,10000,2.746533436194766e-23
Scl,0.26585967012749673,Einasto,b,20000,4.5586086558655354e-23
Scl,0.26585967012749673,Einasto,b,30000,6.27791172652557e-23
Scl,0.26585967012749673,Einasto,b,50000,9.377980363710473e-23
Scl,0.26585967012749673,Einasto,b,100000,1.6137289456769043e-22
Scl,0.26585967012749673,Einasto,b,70,4.171045297680642e-22
Scl,0.26585967012749673,Einasto,b,100,1.3113874007458364e-22
Scl,0.26585967012749673,Einasto,b,200,3.227451329721287e-23
Scl,0.26585967012749673,Einasto,b,500,1.3133673342042119e-23
Scl,0.26585967012749673,Einasto,b,800,1.2228085276262814e-23
Scl,0.26585967012749673,Einasto,b,1000,1.2677908953044389e-23
Scl,0.26585967012749673,Einasto,b,2000,1.6551691401948066e-23
Scl,0.26585967012749673,Einasto,b,3000,1.985445785574033e-23
Scl,0.26585967012749673,Einasto,b,5000,2.4614014931094487e-23
Scl,0.26585967012749673,Einasto,b,7000,2.787286541531921e-23
Scl,0.26585967012749673,Einasto,b,10000,3.208557729876893e-23
Scl,0.26585967012749673,Einasto,b,20000,4.523874893941901e-23
Scl,0.26585967012749673,Einasto,b,30000,5.71281991222505e-23
Scl,0.26585967012749673,Einasto,b,50000,7.796182574791343e-23
Scl,0.26585967012749673,Einasto,b,100000,1.2167518251814538e-22
Scl,0.26585967012749673,Einasto,b,70,2.889727859791487e-22
Scl,0.26585967012749673,Einasto,b,100,9.692048589573683e-23
Scl,0.26585967012749673,Einasto,b,200,2.653420308724185e-23
Scl,0.26585967012749673,Einasto,b,500,1.3321339985026893e-23
Scl,0.26585967012749673,Einasto,b,800,1.3268036157226564e-23
Scl,0.26585967012749673,Einasto,b,1000,1.3880762782035093e-23
Scl,0.26585967012749673,Einasto,b,2000,1.7686597496654629e-23
Scl,0.26585967012749673,Einasto,b,3000,2.122207270980384e-23
Scl,0.26585967012749673,Einasto,b,5000,2.71714690302136e-23
Scl,0.26585967012749673,Einasto,b,7000,3.7056543900978875e-23
Scl,0.26585967012749673,Einasto,b,10000,4.775564069934926e-23
Scl,0.26585967012749673,Einasto,b,20000,6.458940595326283e-23
Scl,0.26585967012749673,Einasto,b,30000,8.367823055343301e-23
Scl,0.26585967012749673,Einasto,b,50000,1.1676466039679298e-22
Scl,0.26585967012749673,Einasto,b,100000,2.0286090706964217e-22
Scl,0.26585967012749673,Einasto,b,70,3.8296866902953305e-22
Scl,0.26585967012749673,Einasto,b,100,1.2050871413189088e-22
Scl,0.26585967012749673,Einasto,b,200,2.8175842910681626e-23
Scl,0.26585967012749673,Einasto,b,500,1.1957038676116598e-23
Scl,0.26585967012749673,Einasto,b,800,1.1092888983976143e-23
Scl,0.26585967012749673,Einasto,b,1000,1.1384992850044753e-23
Scl,0.26585967012749673,Einasto,b,2000,1.562722355720859e-23
Scl,0.26585967012749673,Einasto,b,3000,1.963386407833989e-23
Scl,0.26585967012749673,Einasto,b,5000,2.5809152627055305e-23
Scl,0.26585967012749673,Einasto,b,7000,2.652155399080366e-23
Scl,0.26585967012749673,Einasto,b,10000,2.885017533094341e-23
Scl,0.26585967012749673,Einasto,b,20000,3.319782175109007e-23
Scl,0.26585967012749673,Einasto,b,30000,3.744875662693027e-23
Scl,0.26585967012749673,Einasto,b,50000,4.364876519699611e-23
Scl,0.26585967012749673,Einasto,b,100000,5.62723009122255e-23
Scl,0.26585967012749673,Einasto,b,70,2.5346568827809776e-22
Scl,0.26585967012749673,Einasto,b,100,8.535912747125933e-23
Scl,0.26585967012749673,Einasto,b,200,2.1849165016885032e-23
Scl,0.26585967012749673,Einasto,b,500,9.173959277766753e-24
Scl,0.26585967012749673,Einasto,b,800,8.501775413075112e-24
Scl,0.26585967012749673,Einasto,b,1000,8.793230891425537e-24
Scl,0.26585967012749673,Einasto,b,2000,1.1544883719471889e-23
Scl,0.26585967012749673,Einasto,b,3000,1.4430295093627415e-23
Scl,0.26585967012749673,Einasto,b,5000,2.020787165141864e-23
Scl,0.26585967012749673,Einasto,b,7000,2.4402131816279987e-23
Scl,0.26585967012749673,Einasto,b,10000,2.9574296778282794e-23
Scl,0.26585967012749673,Einasto,b,20000,3.717953151089482e-23
Scl,0.26585967012749673,Einasto,b,30000,4.160286308069319e-23
Scl,0.26585967012749673,Einasto,b,50000,5.113810027583049e-23
Scl,0.26585967012749673,Einasto,b,100000,7.778421001218714e-23
Scl,0.26585967012749673,Einasto,b,70,2.4041086021946357e-22
Scl,0.26585967012749673,Einasto,b,100,7.576728066510283e-23
Scl,0.26585967012749673,Einasto,b,200,1.820012480775856e-23
Scl,0.26585967012749673,Einasto,b,500,7.790917141255516e-24
Scl,0.26585967012749673,Einasto,b,800,7.46252200411183e-24
Scl,0.26585967012749673,Einasto,b,1000,7.84204836558268e-24
Scl,0.26585967012749673,Einasto,b,2000,1.1480562771362077e-23
Scl,0.26585967012749673,Einasto,b,3000,1.5045452306752958e-23
Scl,0.26585967012749673,Einasto,b,5000,1.9059981149662543e-23
Scl,0.26585967012749673,Einasto,b,7000,2.048951290046879e-23
Scl,0.26585967012749673,Einasto,b,10000,2.1316371544119802e-23
Scl,0.26585967012749673,Einasto,b,20000,2.468846455626662e-23
Scl,0.26585967012749673,Einasto,b,30000,3.054263891197621e-23
Scl,0.26585967012749673,Einasto,b,50000,4.6333246411179835e-23
Scl,0.26585967012749673,Einasto,b,100000,9.721481593766639e-23
Scl,0.26585967012749673,Einasto,b,70,4.436418933164972e-22
Scl,0.26585967012749673,Einasto,b,100,1.616150564652906e-22
Scl,0.26585967012749673,Einasto,b,200,4.2684765306625133e-23
Scl,0.26585967012749673,Einasto,b,500,1.799244204954918e-23
Scl,0.26585967012749673,Einasto,b,800,1.5568105773531096e-23
Scl,0.26585967012749673,Einasto,b,1000,1.5325675495614507e-23
Scl,0.26585967012749673,Einasto,b,2000,1.646016791536667e-23
Scl,0.26585967012749673,Einasto,b,3000,1.8781167866713775e-23
Scl,0.26585967012749673,Einasto,b,5000,2.2731430371742465e-23
Scl,0.26585967012749673,Einasto,b,7000,2.5845764281590806e-23
Scl,0.26585967012749673,Einasto,b,10000,3.1048374446858724e-23
Scl,0.26585967012749673,Einasto,b,20000,4.3820447483051897e-23
Scl,0.26585967012749673,Einasto,b,30000,5.261968954209678e-23
Scl,0.26585967012749673,Einasto,b,50000,6.6689510620088e-23
Scl,0.26585967012749673,Einasto,b,100000,1.0369793907321566e-22
Scl,0.26585967012749673,Einasto,b,70,5.4532443098054875e-22
Scl,0.26585967012749673,Einasto,b,100,1.8119602401790035e-22
Scl,0.26585967012749673,Einasto,b,200,4.125659942536786e-23
Scl,0.26585967012749673,Einasto,b,500,1.2833075170533496e-23
Scl,0.26585967012749673,Einasto,b,800,9.047763227042762e-24
Scl,0.26585967012749673,Einasto,b,1000,8.22425001086542e-24
Scl,0.26585967012749673,Einasto,b,2000,7.809038456385788e-24
Scl,0.26585967012749673,Einasto,b,3000,8.844277399260692e-24
Scl,0.26585967012749673,Einasto,b,5000,1.2000514320110093e-23
Scl,0.26585967012749673,Einasto,b,7000,1.6071495730507197e-23
Scl,0.26585967012749673,Einasto,b,10000,2.2952907907335002e-23
Scl,0.26585967012749673,Einasto,b,20000,4.548931406610024e-23
Scl,0.26585967012749673,Einasto,b,30000,6.485296129139307e-23
Scl,0.26585967012749673,Einasto,b,50000,9.78825140609279e-23
Scl,0.26585967012749673,Einasto,b,70,3.079216492933409e-22
Scl,0.26585967012749673,Einasto,b,100,1.21921801773e-22
Scl,0.26585967012749673,Einasto,b,200,4.047622175299174e-23
Scl,0.26585967012749673,Einasto,b,500,2.1386564592911618e-23
Scl,0.26585967012749673,Einasto,b,800,1.8236137488596325e-23
Scl,0.26585967012749673,Einasto,b,1000,2.004440222687769e-23
Scl,0.26585967012749673,Einasto,b,2000,2.007090168305937e-23
Scl,0.26585967012749673,Einasto,b,3000,2.2384779744045236e-23
Scl,0.26585967012749673,Einasto,b,5000,2.920547362046846e-23
Scl,0.26585967012749673,Einasto,b,7000,3.0442475640426937e-23
Scl,0.26585967012749673,Einasto,b,10000,3.693750923738141e-23
Scl,0.26585967012749673,Einasto,b,20000,4.391730150487051e-23
Scl,0.26585967012749673,Einasto,b,30000,5.326454043064042e-23
Scl,0.26585967012749673,Einasto,b,50000,6.684737063932666e-23
Scl,0.26585967012749673,Einasto,b,100000,9.256046544815495e-23
Scl,0.26585967012749673,Einasto,b,70,2.5274817745113815e-22
Scl,0.26585967012749673,Einasto,b,100,9.944804763098105e-23
Scl,0.26585967012749673,Einasto,b,200,3.014824341140292e-23
Scl,0.26585967012749673,Einasto,b,500,1.621664743065119e-23
Scl,0.26585967012749673,Einasto,b,800,1.6101455225352758e-23
Scl,0.26585967012749673,Einasto,b,1000,1.7004467254025808e-23
Scl,0.26585967012749673,Einasto,b,3000,2.928650552032633e-23
Scl,0.26585967012749673,Einasto,b,5000,2.920486381089948e-23
Scl,0.26585967012749673,Einasto,b,7000,3.1039118135139587e-23
Scl,0.26585967012749673,Einasto,b,10000,3.5255885020800947e-23
Scl,0.26585967012749673,Einasto,b,20000,4.28431009858203e-23
Scl,0.26585967012749673,Einasto,b,30000,5.48777823208191e-23
Scl,0.26585967012749673,Einasto,b,50000,7.450241801677627e-23
Scl,0.26585967012749673,Einasto,b,100000,1.1639407357550014e-22
Scl,0.26585967012749673,Einasto,b,70,2.1272687485007316e-22
Scl,0.26585967012749673,Einasto,b,100,7.693008401167081e-23
Scl,0.26585967012749673,Einasto,b,200,1.9955196668212187e-23
Scl,0.26585967012749673,Einasto,b,500,8.267324696324123e-24
Scl,0.26585967012749673,Einasto,b,800,7.007836559608404e-24
Scl,0.26585967012749673,Einasto,b,1000,6.76641787960563e-24
Scl,0.26585967012749673,Einasto,b,2000,7.532188152212522e-24
Scl,0.26585967012749673,Einasto,b,3000,8.884954950634757e-24
Scl,0.26585967012749673,Einasto,b,5000,1.211397588443237e-23
Scl,0.26585967012749673,Einasto,b,7000,1.55556608351785e-23
Scl,0.26585967012749673,Einasto,b,10000,2.0203974939104092e-23
Scl,0.26585967012749673,Einasto,b,20000,3.857372008558246e-23
Scl,0.26585967012749673,Einasto,b,30000,6.340195682471769e-23
Scl,0.26585967012749673,Einasto,b,50000,1.0263221804973923e-22
Scl,0.26585967012749673,Einasto,b,70,4.605457160204225e-22
Scl,0.26585967012749673,Einasto,b,100,1.7928854459704782e-22
Scl,0.26585967012749673,Einasto,b,200,4.81394594218919e-23
Scl,0.26585967012749673,Einasto,b,500,1.684220282716435e-23
Scl,0.26585967012749673,Einasto,b,800,1.107266729926761e-23
Scl,0.26585967012749673,Einasto,b,1000,9.274022929596033e-24
Scl,0.26585967012749673,Einasto,b,2000,6.420829689627339e-24
Scl,0.26585967012749673,Einasto,b,3000,6.137888271523482e-24
Scl,0.26585967012749673,Einasto,b,5000,6.897560393743315e-24
Scl,0.26585967012749673,Einasto,b,7000,8.196591785520555e-24
Scl,0.26585967012749673,Einasto,b,10000,1.079717765935603e-23
Scl,0.26585967012749673,Einasto,b,20000,2.275097667001263e-23
Scl,0.26585967012749673,Einasto,b,30000,3.7412623365533823e-23
Scl,0.26585967012749673,Einasto,b,50000,7.053216869839213e-23
Scl,0.26585967012749673,Einasto,b,100000,1.4937253431585055e-22
Scl,0.26585967012749673,Einasto,b,70,2.7572273848332273e-22
Scl,0.26585967012749673,Einasto,b,100,1.0754128816957657e-22
Scl,0.26585967012749673,Einasto,b,200,3.13145668784486e-23
Scl,0.26585967012749673,Einasto,b,500,1.417929714844787e-23
Scl,0.26585967012749673,Einasto,b,800,1.2093025606624418e-23
Scl,0.26585967012749673,Einasto,b,1000,1.1418346038510119e-23
Scl,0.26585967012749673,Einasto,b,2000,1.0225093924263431e-23
Scl,0.26585967012749673,Einasto,b,3000,9.76808715711925e-24
Scl,0.26585967012749673,Einasto,b,5000,9.680176796802038e-24
Scl,0.26585967012749673,Einasto,b,7000,1.0256168754367232e-23
Scl,0.26585967012749673,Einasto,b,10000,1.1709436454998638e-23
Scl,0.26585967012749673,Einasto,b,20000,1.7945732734707262e-23
Scl,0.26585967012749673,Einasto,b,30000,2.4418560767389672e-23
Scl,0.26585967012749673,Einasto,b,50000,3.7317926232239505e-23
Scl,0.26585967012749673,Einasto,b,100000,7.101849283732275e-23
Scl,0.26585967012749673,Einasto,b,70,2.965059926476182e-22
Scl,0.26585967012749673,Einasto,b,100,9.642304862576474e-23
Scl,0.26585967012749673,Einasto,b,200,2.3515069313106452e-23
Scl,0.26585967012749673,Einasto,b,500,9.145015227755874e-24
Scl,0.26585967012749673,Einasto,b,800,7.74556271091239e-24
Scl,0.26585967012749673,Einasto,b,1000,7.421566799216777e-24
Scl,0.26585967012749673,Einasto,b,2000,7.89909523157554e-24
Scl,0.26585967012749673,Einasto,b,3000,9.131704076139977e-24
Scl,0.26585967012749673,Einasto,b,5000,1.0883007522140164e-23
Scl,0.26585967012749673,Einasto,b,7000,1.2336338198099118e-23
Scl,0.26585967012749673,Einasto,b,10000,1.4468226618861974e-23
Scl,0.26585967012749673,Einasto,b,20000,2.3846632232724302e-23
Scl,0.26585967012749673,Einasto,b,30000,3.4528037126387385e-23
Scl,0.26585967012749673,Einasto,b,50000,5.509850763750272e-23
Scl,0.26585967012749673,Einasto,b,100000,9.748420797557505e-23
Scl,0.26585967012749673,Einasto,b,70,4.332898263092497e-22
Scl,0.26585967012749673,Einasto,b,100,1.4451040829541854e-22
Scl,0.26585967012749673,Einasto,b,200,3.372032085471965e-23
Scl,0.26585967012749673,Einasto,b,500,1.1797999596116432e-23
Scl,0.26585967012749673,Einasto,b,800,9.538390248898186e-24
Scl,0.26585967012749673,Einasto,b,1000,8.93909447373048e-24
Scl,0.26585967012749673,Einasto,b,2000,8.384783366239363e-24
Scl,0.26585967012749673,Einasto,b,3000,8.776504582995129e-24
Scl,0.26585967012749673,Einasto,b,5000,9.787505781111824e-24
Scl,0.26585967012749673,Einasto,b,7000,1.0948565392866711e-23
Scl,0.26585967012749673,Einasto,b,10000,1.2811075053916206e-23
Scl,0.26585967012749673,Einasto,b,20000,2.0087530528949453e-23
Scl,0.26585967012749673,Einasto,b,30000,2.8888501010905015e-23
Scl,0.26585967012749673,Einasto,b,50000,4.84066895777873e-23
Scl,0.26585967012749673,Einasto,b,100000,9.836105247955297e-23
Scl,0.26585967012749673,Einasto,b,70,2.4815058610810055e-22
Scl,0.26585967012749673,Einasto,b,100,8.14980187509832e-23
Scl,0.26585967012749673,Einasto,b,200,1.970853922877961e-23
Scl,0.26585967012749673,Einasto,b,500,7.697565005208815e-24
Scl,0.26585967012749673,Einasto,b,800,6.627544613438962e-24
Scl,0.26585967012749673,Einasto,b,1000,6.607927720481216e-24
Scl,0.26585967012749673,Einasto,b,2000,8.203294965725752e-24
Scl,0.26585967012749673,Einasto,b,3000,1.0016702024462275e-23
Scl,0.26585967012749673,Einasto,b,5000,1.2699329322029362e-23
Scl,0.26585967012749673,Einasto,b,7000,1.4217309993804837e-23
Scl,0.26585967012749673,Einasto,b,10000,1.6230821642352843e-23
Scl,0.26585967012749673,Einasto,b,20000,2.325933149310904e-23
Scl,0.26585967012749673,Einasto,b,30000,3.097383998098317e-23
Scl,0.26585967012749673,Einasto,b,50000,4.6389162570031695e-23
Scl,0.26585967012749673,Einasto,b,100000,8.419177831115136e-23
Scl,0.26585967012749673,Einasto,b,70,4.477664578506905e-22
Scl,0.26585967012749673,Einasto,b,100,1.6455846989062146e-22
Scl,0.26585967012749673,Einasto,b,800,1.935246622342577e-23
Scl,0.26585967012749673,Einasto,b,1000,1.7744798354763258e-23
Scl,0.26585967012749673,Einasto,b,2000,2.149862233498145e-23
Scl,0.26585967012749673,Einasto,b,3000,2.137604972305333e-23
Scl,0.26585967012749673,Einasto,b,5000,2.3259486773904734e-23
Scl,0.26585967012749673,Einasto,b,7000,2.457245769680031e-23
Scl,0.26585967012749673,Einasto,b,10000,2.6670249829682344e-23
Scl,0.26585967012749673,Einasto,b,20000,3.435761414829769e-23
Scl,0.26585967012749673,Einasto,b,30000,4.314752961751464e-23
Scl,0.26585967012749673,Einasto,b,50000,5.995356681292659e-23
Scl,0.26585967012749673,Einasto,b,100000,9.714950190673328e-23
Scl,0.26585967012749673,Einasto,b,70,3.3358582915381166e-22
Scl,0.26585967012749673,Einasto,b,100,1.07272722670072e-22
Scl,0.26585967012749673,Einasto,b,200,2.734670159363786e-23
Scl,0.26585967012749673,Einasto,b,500,1.1872083048763254e-23
Scl,0.26585967012749673,Einasto,b,800,1.1037913156924456e-23
Scl,0.26585967012749673,Einasto,b,1000,1.1506600602901056e-23
Scl,0.26585967012749673,Einasto,b,2000,1.2975213701648275e-23
Scl,0.26585967012749673,Einasto,b,3000,1.3859454538140243e-23
Scl,0.26585967012749673,Einasto,b,5000,1.5169926735850167e-23
Scl,0.26585967012749673,Einasto,b,7000,1.609829464266069e-23
Scl,0.26585967012749673,Einasto,b,10000,1.7580366357257553e-23
Scl,0.26585967012749673,Einasto,b,20000,2.4177571300706624e-23
Scl,0.26585967012749673,Einasto,b,30000,3.310475391197318e-23
Scl,0.26585967012749673,Einasto,b,50000,5.632469278049186e-23
Scl,0.26585967012749673,Einasto,b,100000,1.2707106948250262e-22
Scl,0.26585967012749673,Einasto,b,70,5.198069939890316e-22
Scl,0.26585967012749673,Einasto,b,100,1.850627008422146e-22
Scl,0.26585967012749673,Einasto,b,200,4.434711665958266e-23
Scl,0.26585967012749673,Einasto,b,500,1.7335586279033163e-23
Scl,0.26585967012749673,Einasto,b,800,1.4403926317519737e-23
Scl,0.26585967012749673,Einasto,b,1000,1.387424749328343e-23
Scl,0.26585967012749673,Einasto,b,2000,1.5223869569295063e-23
Scl,0.26585967012749673,Einasto,b,3000,1.744080617064514e-23
Scl,0.26585967012749673,Einasto,b,5000,2.2331788287571705e-23
Scl,0.26585967012749673,Einasto,b,7000,2.676322696483788e-23
Scl,0.26585967012749673,Einasto,b,10000,3.117775392034147e-23
Scl,0.26585967012749673,Einasto,b,20000,4.390105221296717e-23
Scl,0.26585967012749673,Einasto,b,30000,5.321941000653062e-23
Scl,0.26585967012749673,Einasto,b,50000,6.906005055663053e-23
Scl,0.26585967012749673,Einasto,b,100000,1.016328131688087e-22
Scl,0.26585967012749673,Einasto,b,70,2.2107439000246663e-22
Scl,0.26585967012749673,Einasto,b,100,8.433812146396376e-23
Scl,0.26585967012749673,Einasto,b,200,2.3710729946405142e-23
Scl,0.26585967012749673,Einasto,b,500,1.2168778472840009e-23
Scl,0.26585967012749673,Einasto,b,800,1.2193314054269755e-23
Scl,0.26585967012749673,Einasto,b,1000,1.2836707338984059e-23
Scl,0.26585967012749673,Einasto,b,2000,1.8951673056332326e-23
Scl,0.26585967012749673,Einasto,b,3000,2.2760931951238864e-23
Scl,0.26585967012749673,Einasto,b,7000,4.209492410031487e-23
Scl,0.26585967012749673,Einasto,b,20000,5.334805184223856e-23
Scl,0.26585967012749673,Einasto,b,30000,6.106567635749961e-23
Scl,0.26585967012749673,Einasto,b,50000,7.366876469749084e-23
Scl,0.26585967012749673,Einasto,b,100000,1.0007100606475015e-22
Scl,0.26585967012749673,Einasto,b,70,4.944422338851865e-22
Scl,0.26585967012749673,Einasto,b,100,1.5272007024642086e-22
Scl,0.26585967012749673,Einasto,b,200,3.465291323340153e-23
Scl,0.26585967012749673,Einasto,b,500,1.2624810274090517e-23
Scl,0.26585967012749673,Einasto,b,800,1.0780547249929276e-23
Scl,0.26585967012749673,Einasto,b,1000,1.0699997629340092e-23
Scl,0.26585967012749673,Einasto,b,2000,1.2511739184203414e-23
Scl,0.26585967012749673,Einasto,b,3000,1.4175285678085952e-23
Scl,0.26585967012749673,Einasto,b,5000,1.6420047863958867e-23
Scl,0.26585967012749673,Einasto,b,7000,1.8048258799813953e-23
Scl,0.26585967012749673,Einasto,b,10000,2.0399826205064048e-23
Scl,0.26585967012749673,Einasto,b,20000,2.8796565797350407e-23
Scl,0.26585967012749673,Einasto,b,30000,3.8478234818142864e-23
Scl,0.26585967012749673,Einasto,b,50000,6.037927734191458e-23
Scl,0.26585967012749673,Einasto,b,100000,1.1801014955954797e-22
Scl,0.26585967012749673,Einasto,b,70,5.06112756733919e-22
Scl,0.26585967012749673,Einasto,b,100,2.1049206452078063e-22
Scl,0.26585967012749673,Einasto,b,200,6.108965876018953e-23
Scl,0.26585967012749673,Einasto,b,500,2.3095462596445083e-23
Scl,0.26585967012749673,Einasto,b,800,1.9237220897857368e-23
Scl,0.26585967012749673,Einasto,b,1000,2.0737433940525568e-23
Scl,0.26585967012749673,Einasto,b,2000,1.9535770539653473e-23
Scl,0.26585967012749673,Einasto,b,3000,2.3291434399175743e-23
Scl,0.26585967012749673,Einasto,b,5000,2.667026829134117e-23
Scl,0.26585967012749673,Einasto,b,7000,2.743828999779788e-23
Scl,0.26585967012749673,Einasto,b,10000,3.071736489946088e-23
Scl,0.26585967012749673,Einasto,b,20000,3.467420869239519e-23
Scl,0.26585967012749673,Einasto,b,30000,4.021310118670246e-23
Scl,0.26585967012749673,Einasto,b,50000,5.266801378108533e-23
Scl,0.26585967012749673,Einasto,b,100000,8.116326487142046e-23
Scl,0.26585967012749673,Einasto,b,70,2.0732155708591941e-22
Scl,0.26585967012749673,Einasto,b,100,6.270140312888768e-23
Scl,0.26585967012749673,Einasto,b,200,1.5291515988617893e-23
Scl,0.26585967012749673,Einasto,b,500,6.77395100000017e-24
Scl,0.26585967012749673,Einasto,b,800,6.4289105668204894e-24
Scl,0.26585967012749673,Einasto,b,1000,6.644007543176254e-24
Scl,0.26585967012749673,Einasto,b,2000,8.344645760891367e-24
Scl,0.26585967012749673,Einasto,b,3000,9.25704509999122e-24
Scl,0.26585967012749673,Einasto,b,5000,1.0403327890532242e-23
Scl,0.26585967012749673,Einasto,b,7000,1.1569550534551103e-23
Scl,0.26585967012749673,Einasto,b,10000,1.354313974121813e-23
Scl,0.26585967012749673,Einasto,b,20000,2.0246749913013266e-23
Scl,0.26585967012749673,Einasto,b,30000,2.6172340547884764e-23
Scl,0.26585967012749673,Einasto,b,50000,3.726199915166243e-23
Scl,0.26585967012749673,Einasto,b,100000,6.413666642682946e-23
Scl,0.26585967012749673,Einasto,b,70,4.146015955596606e-22
Scl,0.26585967012749673,Einasto,b,200,4.1783103978143876e-23
Scl,0.26585967012749673,Einasto,b,500,1.7803285746613204e-23
Scl,0.26585967012749673,Einasto,b,800,1.5656023159270628e-23
Scl,0.26585967012749673,Einasto,b,1000,1.5375934511149668e-23
Scl,0.26585967012749673,Einasto,b,2000,1.6513060188603067e-23
Scl,0.26585967012749673,Einasto,b,3000,1.8184752199276322e-23
Scl,0.26585967012749673,Einasto,b,5000,2.1637739373358347e-23
Scl,0.26585967012749673,Einasto,b,7000,2.4410860628051065e-23
Scl,0.26585967012749673,Einasto,b,10000,3.02096978309316e-23
Scl,0.26585967012749673,Einasto,b,20000,4.7012825804123016e-23
Scl,0.26585967012749673,Einasto,b,30000,6.225224267798135e-23
Scl,0.26585967012749673,Einasto,b,50000,8.846130250746482e-23
Scl,0.26585967012749673,Einasto,b,100000,1.315224367928316e-22
Scl,0.26585967012749673,Einasto,b,70,4.266679524805361e-22
Scl,0.26585967012749673,Einasto,b,200,4.8204590664106257e-23
Scl,0.26585967012749673,Einasto,b,500,2.028140077002685e-23
Scl,0.26585967012749673,Einasto,b,800,1.9656421955211737e-23
Scl,0.26585967012749673,Einasto,b,1000,1.777669072042492e-23
Scl,0.26585967012749673,Einasto,b,2000,1.9787858270126625e-23
Scl,0.26585967012749673,Einasto,b,5000,2.4525455698940992e-23
Scl,0.26585967012749673,Einasto,b,7000,2.5569584798896185e-23
Scl,0.26585967012749673,Einasto,b,10000,2.579852904826993e-23
Scl,0.26585967012749673,Einasto,b,20000,2.633642136660667e-23
Scl,0.26585967012749673,Einasto,b,30000,2.8936244157706555e-23
Scl,0.26585967012749673,Einasto,b,50000,3.606470305104601e-23
Scl,0.26585967012749673,Einasto,b,100000,5.533929623998905e-23
Scl,0.26585967012749673,Einasto,b,70,5.551732252992575e-22
Scl,0.26585967012749673,Einasto,b,200,4.570623706802506e-23
Scl,0.26585967012749673,Einasto,b,500,1.680215031528463e-23
Scl,0.26585967012749673,Einasto,b,800,1.2594744564664855e-23
Scl,0.26585967012749673,Einasto,b,1000,1.149730306087129e-23
Scl,0.26585967012749673,Einasto,b,2000,1.1438722182325671e-23
Scl,0.26585967012749673,Einasto,b,3000,1.2835123063231359e-23
Scl,0.26585967012749673,Einasto,b,5000,1.546337102557824e-23
Scl,0.26585967012749673,Einasto,b,7000,1.6932077472467746e-23
Scl,0.26585967012749673,Einasto,b,10000,1.8365191502722673e-23
Scl,0.26585967012749673,Einasto,b,20000,2.3104627378575397e-23
Scl,0.26585967012749673,Einasto,b,30000,2.8053801880892414e-23
Scl,0.26585967012749673,Einasto,b,50000,3.83918988185045e-23
Scl,0.26585967012749673,Einasto,b,100000,6.404744643116413e-23
Scl,0.26585967012749673,Einasto,b,70,5.305688280519733e-22
Scl,0.26585967012749673,Einasto,b,100,1.7265084822947801e-22
Scl,0.26585967012749673,Einasto,b,200,4.452562965490567e-23
Scl,0.26585967012749673,Einasto,b,500,1.8312784361780894e-23
Scl,0.26585967012749673,Einasto,b,800,1.5556491786922977e-23
Scl,0.26585967012749673,Einasto,b,1000,1.6094209150632953e-23
Scl,0.26585967012749673,Einasto,b,2000,1.6534865771161054e-23
Scl,0.26585967012749673,Einasto,b,3000,1.7578815538374623e-23
Scl,0.26585967012749673,Einasto,b,5000,1.7752237739357726e-23
Scl,0.26585967012749673,Einasto,b,7000,1.77707715927121e-23
Scl,0.26585967012749673,Einasto,b,10000,1.8185075892658252e-23
Scl,0.26585967012749673,Einasto,b,20000,2.223961280875054e-23
Scl,0.26585967012749673,Einasto,b,30000,2.798523302969125e-23
Scl,0.26585967012749673,Einasto,b,50000,4.22732190329931e-23
Scl,0.26585967012749673,Einasto,b,100000,8.892157854612557e-23
Scl,0.26585967012749673,Einasto,b,70,3.5085183471237953e-22
Scl,0.26585967012749673,Einasto,b,100,1.3158660286748479e-22
Scl,0.26585967012749673,Einasto,b,200,3.817324963993141e-23
Scl,0.26585967012749673,Einasto,b,500,1.748878331669388e-23
Scl,0.26585967012749673,Einasto,b,800,1.6283554741214507e-23
Scl,0.26585967012749673,Einasto,b,1000,1.541325211237969e-23
Scl,0.26585967012749673,Einasto,b,2000,1.6860782511679435e-23
Scl,0.26585967012749673,Einasto,b,3000,1.684680068783332e-23
Scl,0.26585967012749673,Einasto,b,5000,1.6943604859092415e-23
Scl,0.26585967012749673,Einasto,b,7000,1.7003358551275255e-23
Scl,0.26585967012749673,Einasto,b,10000,1.7767638911912394e-23
Scl,0.26585967012749673,Einasto,b,20000,2.225007748941334e-23
Scl,0.26585967012749673,Einasto,b,30000,2.8456237693853475e-23
Scl,0.26585967012749673,Einasto,b,50000,4.2807115709772773e-23
Scl,0.26585967012749673,Einasto,b,100000,8.737575403078645e-23
Scl,0.26585967012749673,Einasto,b,70,1.3408677038528256e-22
Scl,0.26585967012749673,Einasto,b,100,5.054443030175381e-23
Scl,0.26585967012749673,Einasto,b,200,1.3571494415835444e-23
Scl,0.26585967012749673,Einasto,b,500,6.1814796679201e-24
Scl,0.26585967012749673,Einasto,b,800,5.408251613303196e-24
Scl,0.26585967012749673,Einasto,b,1000,5.381528525125425e-24
Scl,0.26585967012749673,Einasto,b,2000,6.1410672922514494e-24
Scl,0.26585967012749673,Einasto,b,3000,7.009044526256773e-24
Scl,0.26585967012749673,Einasto,b,5000,8.820678618332123e-24
Scl,0.26585967012749673,Einasto,b,7000,1.0472201810251023e-23
Scl,0.26585967012749673,Einasto,b,10000,1.3124461931653628e-23
Scl,0.26585967012749673,Einasto,b,20000,2.1740038610668795e-23
Scl,0.26585967012749673,Einasto,b,30000,3.0555291724197817e-23
Scl,0.26585967012749673,Einasto,b,50000,4.9219134964852077e-23
Scl,0.26585967012749673,Einasto,b,100000,1.0147929351950154e-22
Scl,0.26585967012749673,Einasto,b,70,3.638026265217324e-22
Scl,0.26585967012749673,Einasto,b,100,1.226978940467747e-22
Scl,0.26585967012749673,Einasto,b,200,2.6239760996539782e-23
Scl,0.26585967012749673,Einasto,b,500,9.362766036974937e-24
Scl,0.26585967012749673,Einasto,b,800,7.281942698959065e-24
Scl,0.26585967012749673,Einasto,b,1000,6.910560886143096e-24
Scl,0.26585967012749673,Einasto,b,2000,7.943240124144438e-24
Scl,0.26585967012749673,Einasto,b,3000,1.0231797011146971e-23
Scl,0.26585967012749673,Einasto,b,5000,1.4878954821744002e-23
Scl,0.26585967012749673,Einasto,b,7000,1.789291854576609e-23
Scl,0.26585967012749673,Einasto,b,10000,2.0193143056032865e-23
Scl,0.26585967012749673,Einasto,b,20000,2.3025129976331798e-23
Scl,0.26585967012749673,Einasto,b,30000,2.664599863343723e-23
Scl,0.26585967012749673,Einasto,b,50000,3.6246630523868856e-23
Scl,0.26585967012749673,Einasto,b,100000,6.505752110769677e-23
Scl,0.26585967012749673,Einasto,b,70,1.7951850962561509e-22
Scl,0.26585967012749673,Einasto,b,100,6.131765437470892e-23
Scl,0.26585967012749673,Einasto,b,200,1.7039688552913778e-23
Scl,0.26585967012749673,Einasto,b,500,7.77857048363968e-24
Scl,0.26585967012749673,Einasto,b,800,7.380306323069905e-24
Scl,0.26585967012749673,Einasto,b,1000,7.511686517754479e-24
Scl,0.26585967012749673,Einasto,b,2000,9.02027401966188e-24
Scl,0.26585967012749673,Einasto,b,3000,1.055019490013883e-23
Scl,0.26585967012749673,Einasto,b,5000,1.2689222858788995e-23
Scl,0.26585967012749673,Einasto,b,7000,1.412871938494282e-23
Scl,0.26585967012749673,Einasto,b,10000,1.5707720175422617e-23
Scl,0.26585967012749673,Einasto,b,20000,2.1303215534856186e-23
Scl,0.26585967012749673,Einasto,b,30000,2.8265042356941574e-23
Scl,0.26585967012749673,Einasto,b,50000,4.5005725316062e-23
Scl,0.26585967012749673,Einasto,b,100000,9.205523193258227e-23
Scl,0.26585967012749673,Einasto,b,70,5.484362789416272e-22
Scl,0.26585967012749673,Einasto,b,100,1.7424368918072047e-22
Scl,0.26585967012749673,Einasto,b,500,1.3436421254291164e-23
Scl,0.26585967012749673,Einasto,b,800,1.015112840746711e-23
Scl,0.26585967012749673,Einasto,b,1000,9.492998283688595e-24
Scl,0.26585967012749673,Einasto,b,2000,9.166128713351025e-24
Scl,0.26585967012749673,Einasto,b,3000,1.0670841293234272e-23
Scl,0.26585967012749673,Einasto,b,5000,1.5345898132152238e-23
Scl,0.26585967012749673,Einasto,b,7000,2.157412437610471e-23
Scl,0.26585967012749673,Einasto,b,10000,2.970671719949344e-23
Scl,0.26585967012749673,Einasto,b,20000,5.449681722753855e-23
Scl,0.26585967012749673,Einasto,b,30000,7.160409315589899e-23
Scl,0.26585967012749673,Einasto,b,50000,9.200170833022299e-23
Scl,0.26585967012749673,Einasto,b,100000,1.5515162878534174e-22
Scl,0.26585967012749673,Einasto,b,70,1.781555880719721e-22
Scl,0.26585967012749673,Einasto,b,100,6.278260357951772e-23
Scl,0.26585967012749673,Einasto,b,200,1.702115231717161e-23
Scl,0.26585967012749673,Einasto,b,500,8.071289577203051e-24
Scl,0.26585967012749673,Einasto,b,800,7.918040601907708e-24
Scl,0.26585967012749673,Einasto,b,1000,8.52574879420576e-24
Scl,0.26585967012749673,Einasto,b,2000,1.1395428214982253e-23
Scl,0.26585967012749673,Einasto,b,3000,1.3745557324564987e-23
Scl,0.26585967012749673,Einasto,b,5000,1.6220508828485816e-23
Scl,0.26585967012749673,Einasto,b,7000,1.7646567143785075e-23
Scl,0.26585967012749673,Einasto,b,10000,1.9058038504809322e-23
Scl,0.26585967012749673,Einasto,b,20000,2.42123018061284e-23
Scl,0.26585967012749673,Einasto,b,30000,3.077881418892977e-23
Scl,0.26585967012749673,Einasto,b,50000,4.5923810095338314e-23
Scl,0.26585967012749673,Einasto,b,100000,9.085769124776426e-23
Scl,0.26585967012749673,Einasto,b,70,2.688771419073486e-22
Scl,0.26585967012749673,Einasto,b,100,9.30510235596687e-23
Scl,0.26585967012749673,Einasto,b,200,2.4491883376353918e-23
Scl,0.26585967012749673,Einasto,b,500,1.0811496106253256e-23
Scl,0.26585967012749673,Einasto,b,800,9.633842391051652e-24
Scl,0.26585967012749673,Einasto,b,1000,9.611302142251794e-24
Scl,0.26585967012749673,Einasto,b,2000,1.0271593277693351e-23
Scl,0.26585967012749673,Einasto,b,3000,1.0602751935559332e-23
Scl,0.26585967012749673,Einasto,b,5000,1.1469328096652223e-23
Scl,0.26585967012749673,Einasto,b,7000,1.2587554044975585e-23
Scl,0.26585967012749673,Einasto,b,10000,1.503867881605484e-23
Scl,0.26585967012749673,Einasto,b,20000,2.6880852712669686e-23
Scl,0.26585967012749673,Einasto,b,30000,4.0644929659783014e-23
Scl,0.26585967012749673,Einasto,b,50000,6.616514779211014e-23
Scl,0.26585967012749673,Einasto,b,100000,1.1911649981187452e-22
Scl,0.26585967012749673,Einasto,b,70,2.0107210292117223e-22
Scl,0.26585967012749673,Einasto,b,100,6.50170684906572e-23
Scl,0.26585967012749673,Einasto,b,200,1.6387397594960493e-23
Scl,0.26585967012749673,Einasto,b,500,7.566103657238635e-24
Scl,0.26585967012749673,Einasto,b,800,7.683321609241042e-24
Scl,0.26585967012749673,Einasto,b,1000,8.417542796356616e-24
Scl,0.26585967012749673,Einasto,b,2000,1.4024119053907996e-23
Scl,0.26585967012749673,Einasto,b,3000,1.8819467572377043e-23
Scl,0.26585967012749673,Einasto,b,5000,2.354987282799281e-23
Scl,0.26585967012749673,Einasto,b,7000,2.650116901179505e-23
Scl,0.26585967012749673,Einasto,b,10000,3.0393304443780507e-23
Scl,0.26585967012749673,Einasto,b,20000,3.8354477120943437e-23
Scl,0.26585967012749673,Einasto,b,30000,4.6835862236459044e-23
Scl,0.26585967012749673,Einasto,b,50000,6.469465378132053e-23
Scl,0.26585967012749673,Einasto,b,100000,1.0772651173705795e-22
Scl,0.26585967012749673,Einasto,b,70,5.561809606803677e-22
Scl,0.26585967012749673,Einasto,b,100,1.8186432014744842e-22
Scl,0.26585967012749673,Einasto,b,200,4.3624845217336916e-23
Scl,0.26585967012749673,Einasto,b,500,1.542175363246489e-23
Scl,0.26585967012749673,Einasto,b,800,1.2455721102617644e-23
Scl,0.26585967012749673,Einasto,b,1000,1.217890160723131e-23
Scl,0.26585967012749673,Einasto,b,2000,1.4479552653550073e-23
Scl,0.26585967012749673,Einasto,b,3000,1.721708434234849e-23
Scl,0.26585967012749673,Einasto,b,5000,2.1978970513672068e-23
Scl,0.26585967012749673,Einasto,b,7000,2.467836422450605e-23
Scl,0.26585967012749673,Einasto,b,10000,2.841478784911137e-23
Scl,0.26585967012749673,Einasto,b,20000,3.4801614068313046e-23
Scl,0.26585967012749673,Einasto,b,30000,3.983904390568535e-23
Scl,0.26585967012749673,Einasto,b,50000,5.0617467835142074e-23
Scl,0.26585967012749673,Einasto,b,100000,8.160305228102465e-23
Scl,0.26585967012749673,Einasto,b,70,3.088868852301382e-22
Scl,0.26585967012749673,Einasto,b,100,1.3214046171931177e-22
Scl,0.26585967012749673,Einasto,b,200,4.001333517604865e-23
Scl,0.26585967012749673,Einasto,b,500,1.742206993687097e-23
Scl,0.26585967012749673,Einasto,b,800,1.3706899876182346e-23
Scl,0.26585967012749673,Einasto,b,1000,1.2287750129811525e-23
Scl,0.26585967012749673,Einasto,b,2000,9.15787444478228e-24
Scl,0.26585967012749673,Einasto,b,3000,8.346059720116195e-24
Scl,0.26585967012749673,Einasto,b,5000,8.807786932494096e-24
Scl,0.26585967012749673,Einasto,b,7000,9.882042974169055e-24
Scl,0.26585967012749673,Einasto,b,10000,1.1613373347776581e-23
Scl,0.26585967012749673,Einasto,b,20000,1.6763663185429652e-23
Scl,0.26585967012749673,Einasto,b,30000,2.1330174101212574e-23
Scl,0.26585967012749673,Einasto,b,50000,3.05295212599297e-23
Scl,0.26585967012749673,Einasto,b,100000,5.511728479655542e-23
Scl,0.26585967012749673,Einasto,b,70,5.144959601365128e-22
Scl,0.26585967012749673,Einasto,b,100,1.6598060560420818e-22
Scl,0.26585967012749673,Einasto,b,200,4.338515458015466e-23
Scl,0.26585967012749673,Einasto,b,500,1.8173806705394747e-23
Scl,0.26585967012749673,Einasto,b,800,1.7021090659379405e-23
Scl,0.26585967012749673,Einasto,b,1000,1.6184818102200252e-23
Scl,0.26585967012749673,Einasto,b,2000,1.757764972450499e-23
Scl,0.26585967012749673,Einasto,b,3000,1.8876309727484122e-23
Scl,0.26585967012749673,Einasto,b,5000,2.2977844892333647e-23
Scl,0.26585967012749673,Einasto,b,7000,2.6566546717188005e-23
Scl,0.26585967012749673,Einasto,b,10000,3.29436167961437e-23
Scl,0.26585967012749673,Einasto,b,30000,6.288388110017814e-23
Scl,0.26585967012749673,Einasto,b,50000,8.176711086229958e-23
Scl,0.26585967012749673,Einasto,b,100000,1.2238158014143642e-22
Scl,0.26585967012749673,Einasto,b,70,5.695598327351104e-22
Scl,0.26585967012749673,Einasto,b,100,2.2261979425338094e-22
Scl,0.26585967012749673,Einasto,b,500,1.7360644324265942e-23
Scl,0.26585967012749673,Einasto,b,800,1.0864185756012758e-23
Scl,0.26585967012749673,Einasto,b,1000,9.100449811422516e-24
Scl,0.26585967012749673,Einasto,b,2000,6.749894160313072e-24
Scl,0.26585967012749673,Einasto,b,3000,6.746019273811955e-24
Scl,0.26585967012749673,Einasto,b,5000,8.555159799036033e-24
Scl,0.26585967012749673,Einasto,b,7000,1.1348651214269612e-23
Scl,0.26585967012749673,Einasto,b,10000,1.699395076397708e-23
Scl,0.26585967012749673,Einasto,b,20000,3.8781919281598174e-23
Scl,0.26585967012749673,Einasto,b,30000,5.927131932346806e-23
Scl,0.26585967012749673,Einasto,b,50000,8.73943772747197e-23
Scl,0.26585967012749673,Einasto,b,100000,1.5439834706055084e-22
Scl,0.26585967012749673,Einasto,b,70,4.561105086371981e-22
Scl,0.26585967012749673,Einasto,b,100,1.5934992225930083e-22
Scl,0.26585967012749673,Einasto,b,200,3.912960012296739e-23
Scl,0.26585967012749673,Einasto,b,500,1.319077551732432e-23
Scl,0.26585967012749673,Einasto,b,800,9.834698628080878e-24
Scl,0.26585967012749673,Einasto,b,1000,8.924641833991307e-24
Scl,0.26585967012749673,Einasto,b,2000,8.288961382339694e-24
Scl,0.26585967012749673,Einasto,b,3000,9.127000552040352e-24
Scl,0.26585967012749673,Einasto,b,5000,1.2823721516791402e-23
Scl,0.26585967012749673,Einasto,b,7000,1.7773509791142058e-23
Scl,0.26585967012749673,Einasto,b,10000,2.641009933652723e-23
Scl,0.26585967012749673,Einasto,b,20000,5.415142446397428e-23
Scl,0.26585967012749673,Einasto,b,30000,6.802581656126973e-23
Scl,0.26585967012749673,Einasto,b,50000,1.0140042249956563e-22
Scl,0.26585967012749673,Einasto,b,100000,1.972807406725011e-22
Scl,0.26585967012749673,Einasto,b,70,6.641123631489112e-22
Scl,0.26585967012749673,Einasto,b,200,5.518894092995395e-23
Scl,0.26585967012749673,Einasto,b,500,1.9961707060162142e-23
Scl,0.26585967012749673,Einasto,b,800,1.370092649321112e-23
Scl,0.26585967012749673,Einasto,b,1000,1.2186728629657744e-23
Scl,0.26585967012749673,Einasto,b,2000,9.846517920433865e-24
Scl,0.26585967012749673,Einasto,b,3000,9.893554947204242e-24
Scl,0.26585967012749673,Einasto,b,5000,1.1308253664554643e-23
Scl,0.26585967012749673,Einasto,b,7000,1.3501988500097047e-23
Scl,0.26585967012749673,Einasto,b,10000,1.6650627930127038e-23
Scl,0.26585967012749673,Einasto,b,20000,2.4515462648871004e-23
Scl,0.26585967012749673,Einasto,b,30000,2.972085923552965e-23
Scl,0.26585967012749673,Einasto,b,50000,3.964891060726603e-23
Scl,0.26585967012749673,Einasto,b,100000,6.938153228909237e-23
Scl,0.26585967012749673,Einasto,b,70,3.720625433954991e-22
Scl,0.26585967012749673,Einasto,b,100,1.3422511877143313e-22
Scl,0.26585967012749673,Einasto,b,200,3.596417049774777e-23
Scl,0.26585967012749673,Einasto,b,500,1.6646437724659294e-23
Scl,0.26585967012749673,Einasto,b,800,1.5737121911734386e-23
Scl,0.26585967012749673,Einasto,b,1000,1.6412417966963387e-23
Scl,0.26585967012749673,Einasto,b,2000,1.9183833746832343e-23
Scl,0.26585967012749673,Einasto,b,3000,2.2775461735353102e-23
Scl,0.26585967012749673,Einasto,b,5000,3.0745199336052064e-23
Scl,0.26585967012749673,Einasto,b,7000,3.359312349278951e-23
Scl,0.26585967012749673,Einasto,b,10000,3.4253683491401183e-23
Scl,0.26585967012749673,Einasto,b,20000,3.255333954608144e-23
Scl,0.26585967012749673,Einasto,b,30000,3.480843419654741e-23
Scl,0.26585967012749673,Einasto,b,50000,4.5700080731598974e-23
Scl,0.26585967012749673,Einasto,b,100000,8.116831426607161e-23
Scl,0.26585967012749673,Einasto,b,70,6.25426881300854e-22
Scl,0.26585967012749673,Einasto,b,100,2.1820921108902136e-22
Scl,0.26585967012749673,Einasto,b,200,5.79941032051198e-23
Scl,0.26585967012749673,Einasto,b,500,2.568183545685849e-23
Scl,0.26585967012749673,Einasto,b,800,1.8744106486738706e-23
Scl,0.26585967012749673,Einasto,b,1000,1.7374626859386e-23
Scl,0.26585967012749673,Einasto,b,2000,1.4708535818022356e-23
Scl,0.26585967012749673,Einasto,b,3000,1.277986840588666e-23
Scl,0.26585967012749673,Einasto,b,5000,1.1211057405150551e-23
Scl,0.26585967012749673,Einasto,b,7000,1.0776992424840239e-23
Scl,0.26585967012749673,Einasto,b,10000,1.1397789930710383e-23
Scl,0.26585967012749673,Einasto,b,20000,1.655633045429662e-23
Scl,0.26585967012749673,Einasto,b,30000,2.3884766734158148e-23
Scl,0.26585967012749673,Einasto,b,50000,4.1751674569445103e-23
Scl,0.26585967012749673,Einasto,b,100000,9.529411493908301e-23
Scl,0.26585967012749673,Einasto,b,70,3.099414454000428e-22
Scl,0.26585967012749673,Einasto,b,100,1.0534007447469003e-22
Scl,0.26585967012749673,Einasto,b,200,2.4653285656996745e-23
Scl,0.26585967012749673,Einasto,b,500,8.953224624909907e-24
Scl,0.26585967012749673,Einasto,b,800,7.333951542366378e-24
Scl,0.26585967012749673,Einasto,b,1000,7.18832754191126e-24
Scl,0.26585967012749673,Einasto,b,2000,8.027891898738623e-24
Scl,0.26585967012749673,Einasto,b,3000,9.250614843180838e-24
Scl,0.26585967012749673,Einasto,b,5000,1.1556970000016339e-23
Scl,0.26585967012749673,Einasto,b,7000,1.3513314566660465e-23
Scl,0.26585967012749673,Einasto,b,10000,1.6010348999794884e-23
Scl,0.26585967012749673,Einasto,b,20000,2.4214236419055557e-23
Scl,0.26585967012749673,Einasto,b,30000,3.298211530299241e-23
Scl,0.26585967012749673,Einasto,b,50000,5.1003912523086386e-23
Scl,0.26585967012749673,Einasto,b,100000,9.481461002365335e-23
Scl,0.26585967012749673,Einasto,b,70,3.795255930464269e-22
Scl,0.26585967012749673,Einasto,b,100,1.3224973269904747e-22
Scl,0.26585967012749673,Einasto,b,200,3.2535124846154385e-23
Scl,0.26585967012749673,Einasto,b,500,1.3122764837134222e-23
Scl,0.26585967012749673,Einasto,b,800,1.1266528024695145e-23
Scl,0.26585967012749673,Einasto,b,1000,1.1345457215925603e-23
Scl,0.26585967012749673,Einasto,b,2000,1.2637028095997457e-23
Scl,0.26585967012749673,Einasto,b,3000,1.319368723544842e-23
Scl,0.26585967012749673,Einasto,b,5000,1.4225479146855524e-23
Scl,0.26585967012749673,Einasto,b,7000,1.515478961746391e-23
Scl,0.26585967012749673,Einasto,b,10000,1.705486754705222e-23
Scl,0.26585967012749673,Einasto,b,20000,2.6898000736425285e-23
Scl,0.26585967012749673,Einasto,b,30000,4.027987845773282e-23
Scl,0.26585967012749673,Einasto,b,50000,6.973874436151223e-23
Scl,0.26585967012749673,Einasto,b,100000,1.3901723571481402e-22
