dmbounds/bounds/nustar/nustar_2025_gchalo_ann_gammagamma_v1.ecsv
# %ECSV 1.0
# ---
# datatype:
# - {name: mass, unit: keV, datatype: float32, description: DM mass}
# - {name: sigma_v, unit: cm3 / s, datatype: float32, description: <sigma v>}
# meta: {arxiv: '2509.08506',
#	 bibcode: 'Zakharov:2025coj', 
#	channel: gammagamma, 
#	collaboration: nustar, 
#	comment: '', 
#	confidence: 0.95,
#       dmfraction: 1.0, 
#       doi: 10.48550/arXiv.2509.08506, 
#	figure: Fig. 7, 
#	instrument: nustar, 
#	journalref: '2509.08506', 
#	mode: ann, 
#	obs_time: 11y,
#       quantity: sigma_v, 
#	reference: 'Search for a photon peak from keV-scale dark matter annihilation with NuSTAR: Constraints on $\sigma$v
#                   after 11 years of observations', 
#	status: to be verified, 
#	tags: '', 
#	target: gchalo, 
#	url: 'https://arxiv.org/abs/2509.08506v1', variant: v1,
#   	x_unit_src: keV, 
#	y_unit_src: cm3 s-1, 
#	year: 2025}
# schema: astropy-2.0
mass sigma_v
3.045001 1.3942452e-34
3.0451899 1.579099e-34
3.121475 1.6876075e-34
3.1968946 2.0731308e-34
3.274847 2.4581658e-34
3.3605301 2.8180663e-34
3.4417257 3.1498333e-34
3.524883 3.4885226e-34
3.6100495 3.7347419e-34
3.6972737 3.7842965e-34
3.7866056 3.4602437e-34
3.8780956 2.9159816e-34
3.9660535 2.3526615e-34
4.02885 1.8809589e-34
4.094333 1.4975931e-34
4.1525035 1.1413344e-34
4.206932 8.8413327e-35
4.2713346 6.8376365e-35
4.341432 5.318685e-35
4.4232273 4.2084566e-35
4.5133066 3.459947e-35
4.62347 3.376851e-35
4.73518 3.5552824e-35
4.849589 3.851858e-35
4.9727545 4.0082182e-35
5.09008 4.1999882e-35
5.2096705 4.5770846e-35
5.3401785 5.711099e-35
5.446698 7.323467e-35
5.520813 9.743253e-35
5.5722485 1.274229e-34
5.6086483 1.6129011e-34
5.688333 2.0305634e-34
5.787265 2.473947e-34
5.890935 2.8043592e-34
6.0277066 2.6909575e-34
6.1458435 2.180499e-34
6.216755 1.7485193e-34
6.271177 1.4121264e-34
6.4025946 1.0959944e-34
6.562986 1.0982629e-34
6.636035 1.4147946e-34
6.701165 1.8093928e-34
6.759595 2.300114e-34
6.820384 2.885681e-34
6.922917 3.5782757e-34
7.096343 4.0788107e-34
7.2646475 4.3742794e-34
7.4434023 4.1900735e-34
7.616631 3.4222697e-34
7.8006606 2.9185656e-34
7.989136 2.8144205e-34
8.182166 2.6622293e-34
8.37804 2.5629893e-34
8.5451565 2.9310864e-34
8.690105 3.9207067e-34
8.842843 4.55399e-34
9.0412245 4.9146914e-34
9.251638 4.939364e-34
9.462842 4.5363475e-34
9.62668 3.4781886e-34
9.733638 2.5958743e-34
9.806339 2.0653002e-34
9.8826475 1.6616313e-34
10.029099 1.3322222e-34
10.263 1.4076343e-34
10.433691 1.7489484e-34
10.57045 2.2574926e-34
10.767266 2.950472e-34
11.01546 3.3986777e-34
11.220562 2.9317803e-34
11.322493 2.3207142e-34
11.498598 1.871121e-34
11.713261 1.902923e-34
11.820523 2.5383168e-34
11.936537 3.3115942e-34
12.066776 4.1447798e-34
12.230249 5.2775114e-34
12.523032 5.5486616e-34
12.831176 5.483822e-34
13.138978 5.2569687e-34
13.482097 4.609006e-34
13.804848 4.3171903e-34
14.123059 3.77331e-34
14.37042 2.9389404e-34
14.625288 2.3083995e-34
14.994921 2.2991572e-34
15.353888 2.3736461e-34
15.724861 2.5442863e-34
16.052452 1.9246307e-34
16.174856 1.5196855e-34
16.335575 1.1962324e-34
16.67388 9.845131e-35
17.076746 9.607672e-35
17.474169 1.0137703e-34
17.911915 1.0854682e-34
18.265236 1.3583287e-34
18.56499 1.7217645e-34
18.933475 1.959991e-34
19.37224 1.8126983e-34
19.696096 2.195225e-34
19.83552 2.9875526e-34
19.965094 4.0030886e-34
20.095512 5.3909484e-34
20.226786 7.192294e-34
20.663681 8.508783e-34
20.670582 1.0319616e-33
21.00981 7.308859e-34
21.239048 5.5985224e-34
21.681515 4.5673043e-34
22.1332 5.5689807e-34
22.350428 7.2744876e-34
22.551426 9.483577e-34
22.854988 1.0682794e-33
23.341972 1.1257955e-33
23.91633 1.0723716e-33
24.483555 1.1569294e-33
24.993612 1.0052079e-33
25.49769 7.89637e-34
26.03641 7.4182377e-34
26.215971 9.812624e-34
26.347164 1.212043e-33
26.646204 1.5835656e-33
27.290016 1.8378088e-33
27.798143 2.1533381e-33
27.91907 2.7641432e-33
28.040524 3.5841774e-33
28.162506 4.612464e-33
28.285019 5.9507488e-33
28.408064 7.638708e-33
28.562624 9.863485e-33
28.655764 1.4170633e-32
28.780422 1.9570291e-32
28.905622 2.682377e-32
29.052893 4.1543642e-32
29.260742 5.9816705e-32
29.571918 9.964127e-32
